100
4
24
3 1 0 2 0 3 0 
3 1 1 2 0 3 0 
2 1 0 3 0 
4 1 0 2 0 3 0 4 0 
3 2 0 3 0 4 0 
2 3 0 4 0 
4 1 0 2 0 3 0 4 0 
4 1 0 2 0 3 0 4 0 
1 1 0 
2 2 0 3 0 
3 1 0 2 0 4 0 
4 1 0 2 0 3 0 4 0 
4 1 0 2 0 3 0 4 0 
1 3 0 
1 4 0 
2 1 0 2 1 
3 1 0 2 0 4 0 
1 4 0 
2 3 0 4 0 
1 1 0 
3 2 0 3 0 4 0 
3 1 0 2 0 3 0 
1 4 0 
2 1 0 2 0 
8
41
2 1 0 7 0 
5 1 0 2 0 3 0 4 0 8 0 
5 3 0 4 0 5 0 6 0 8 0 
4 2 0 4 0 7 0 8 0 
5 1 1 3 0 6 0 7 0 8 0 
5 2 0 3 0 4 1 5 0 7 0 
4 1 0 3 1 6 0 7 0 
7 1 0 2 0 3 0 5 0 6 0 7 0 8 0 
1 7 0 
7 1 0 2 0 3 0 4 0 5 1 6 0 7 0 
3 4 0 5 0 7 0 
3 2 0 3 0 5 1 
3 3 1 4 0 5 0 
1 2 0 
8 1 0 2 0 3 0 4 0 5 0 6 0 7 0 8 1 
1 2 0 
4 1 0 2 0 5 0 7 0 
5 1 0 2 0 4 0 6 0 7 0 
1 7 0 
3 4 0 6 0 7 0 
7 1 0 2 1 3 0 4 0 5 0 6 0 7 0 
5 2 0 3 0 6 1 7 0 8 0 
6 2 0 3 0 5 0 6 0 7 0 8 0 
4 1 0 3 0 5 0 8 0 
7 1 0 2 0 4 0 5 0 6 0 7 0 8 0 
1 7 0 
3 2 0 3 0 6 0 
5 2 0 5 0 6 0 7 0 8 0 
1 3 0 
3 2 0 3 0 8 0 
4 1 0 2 0 6 0 7 0 
4 2 0 3 0 7 0 8 0 
3 3 0 4 0 5 0 
7 1 0 3 0 4 0 5 0 6 0 7 0 8 0 
6 2 0 3 0 4 0 6 0 7 0 8 1 
6 2 0 3 0 4 0 6 0 7 0 8 0 
6 1 0 2 0 3 0 4 0 6 0 8 0 
7 1 0 3 0 4 0 5 0 6 0 7 0 8 0 
2 4 0 6 0 
5 1 0 2 0 3 0 4 0 7 0 
4 1 0 4 0 5 0 8 0 
8
73
4 3 0 4 0 6 0 7 1 
4 1 0 4 1 5 0 8 0 
2 3 0 5 0 
4 3 0 5 1 6 0 7 0 
3 3 0 4 0 7 1 
7 1 0 2 0 3 0 4 0 6 0 7 0 8 0 
5 1 0 3 0 5 0 7 0 8 0 
4 3 0 4 0 6 0 7 0 
8 1 1 2 0 3 0 4 0 5 0 6 0 7 0 8 0 
7 1 0 2 0 4 0 5 0 6 0 7 0 8 0 
7 2 0 3 0 4 0 5 0 6 0 7 0 8 0 
5 2 0 4 0 6 0 7 0 8 0 
8 1 0 2 0 3 0 4 0 5 0 6 0 7 0 8 0 
3 1 0 2 0 3 0 
7 1 0 2 0 3 0 5 0 6 0 7 0 8 0 
3 1 0 3 0 5 0 
3 4 0 6 0 7 0 
3 1 0 3 0 5 0 
5 1 0 2 0 4 0 5 0 7 0 
6 2 0 4 0 5 1 6 0 7 0 8 0 
7 1 0 2 0 3 0 5 0 6 0 7 0 8 0 
4 2 0 4 0 5 0 7 0 
3 2 0 5 0 7 0 
5 1 0 2 0 4 0 6 1 8 0 
1 6 0 
6 1 0 3 0 4 1 5 0 7 0 8 0 
7 1 0 2 0 3 0 4 0 5 0 7 1 8 0 
4 1 0 3 0 6 0 7 1 
7 1 0 2 0 3 0 4 0 5 0 7 0 8 0 
2 4 0 6 0 
5 1 0 2 0 4 0 5 0 7 0 
3 3 0 4 0 5 0 
1 7 0 
4 2 0 3 0 6 0 8 1 
5 1 0 2 0 3 0 6 1 7 0 
8 1 0 2 0 3 0 4 0 5 0 6 0 7 0 8 0 
1 5 0 
2 3 0 8 0 
4 3 1 4 0 5 0 6 0 
8 1 0 2 0 3 0 4 0 5 0 6 0 7 0 8 0 
8 1 0 2 0 3 1 4 0 5 0 6 0 7 0 8 0 
6 1 0 2 0 3 0 4 0 6 0 8 0 
8 1 0 2 1 3 0 4 0 5 0 6 0 7 0 8 0 
2 5 0 6 0 
7 1 0 2 0 3 0 4 0 5 0 7 0 8 0 
7 1 0 3 0 4 0 5 0 6 0 7 0 8 0 
5 1 0 4 0 5 0 7 0 8 0 
4 2 1 5 0 6 0 8 0 
4 1 0 3 0 4 0 5 0 
2 3 0 5 0 
5 1 0 2 1 4 0 5 0 7 0 
2 4 0 7 1 
3 1 0 4 0 5 1 
4 1 0 2 0 3 0 6 1 
1 4 0 
7 1 1 2 0 3 0 4 0 5 0 7 0 8 0 
5 2 0 3 1 4 0 5 0 8 0 
5 1 0 2 0 4 0 6 0 7 0 
2 1 0 3 1 
5 1 0 2 0 3 0 4 0 7 0 
4 1 0 3 0 7 0 8 0 
8 1 1 2 0 3 0 4 0 5 0 6 0 7 0 8 0 
7 1 0 2 0 4 0 5 0 6 0 7 0 8 0 
6 1 0 2 0 4 0 5 0 6 0 8 0 
3 2 0 6 0 7 0 
5 1 0 2 1 3 0 6 0 8 0 
5 1 0 3 0 4 0 5 1 6 0 
3 1 0 5 0 6 0 
3 3 0 5 0 6 0 
2 1 0 3 0 
3 1 0 3 1 7 0 
4 3 0 5 0 6 0 8 0 
2 3 0 7 0 
9
49
5 1 0 3 0 4 0 5 0 8 0 
5 2 0 5 0 6 0 7 0 9 1 
2 5 0 6 0 
1 8 0 
7 2 0 3 0 4 0 5 0 6 0 7 0 8 0 
6 1 0 3 0 4 0 5 1 6 0 9 0 
4 5 0 6 0 7 0 9 0 
1 1 0 
2 2 1 6 0 
8 1 0 2 0 3 0 5 0 6 0 7 0 8 0 9 0 
3 4 0 6 1 8 0 
4 1 0 5 0 7 0 9 0 
3 1 0 6 0 8 0 
5 2 0 3 0 5 0 6 0 9 0 
8 1 0 2 0 3 0 5 0 6 1 7 0 8 0 9 0 
3 5 0 7 0 8 0 
2 1 0 5 0 
4 1 0 4 0 6 1 8 0 
4 1 0 4 0 8 0 9 0 
5 2 1 3 0 5 0 8 0 9 0 
7 1 0 3 0 4 0 5 0 6 0 8 0 9 1 
5 1 0 2 0 3 0 5 0 8 0 
9 1 0 2 0 3 0 4 0 5 0 6 0 7 1 8 0 9 0 
5 1 0 4 0 5 0 8 0 9 1 
4 1 1 2 0 3 0 6 0 
3 1 0 3 0 5 0 
6 2 0 3 0 4 0 5 0 6 0 9 0 
5 1 0 3 0 4 0 7 0 9 0 
4 1 0 2 0 3 0 7 0 
9 1 1 2 0 3 0 4 0 5 0 6 0 7 0 8 0 9 0 
5 1 0 2 0 3 0 6 0 7 1 
9 1 0 2 0 3 0 4 0 5 0 6 0 7 0 8 0 9 0 
5 1 0 4 0 6 0 7 0 8 1 
3 6 0 7 0 8 0 
4 1 0 2 1 5 0 7 0 
7 1 0 3 0 4 1 5 0 7 0 8 0 9 0 
5 3 0 4 0 6 1 7 0 8 0 
1 1 0 
7 1 0 2 0 3 0 4 0 6 0 7 0 8 0 
1 2 0 
8 1 0 2 0 3 0 5 0 6 0 7 1 8 0 9 0 
7 1 0 3 0 4 0 5 0 6 0 7 1 9 0 
3 3 0 8 0 9 0 
4 1 0 3 1 5 0 7 0 
4 1 0 4 0 6 0 9 0 
2 7 0 8 0 
7 1 0 2 0 3 0 4 0 5 0 8 0 9 0 
9 1 0 2 0 3 0 4 1 5 0 6 0 7 0 8 0 9 0 
8 1 0 2 0 3 0 4 0 6 0 7 0 8 0 9 0 
5
41
4 2 0 3 0 4 0 5 0 
3 1 1 3 0 4 0 
5 1 0 2 0 3 0 4 0 5 0 
1 2 0 
4 1 0 3 0 4 0 5 0 
4 1 0 2 0 4 0 5 0 
1 1 0 
5 1 0 2 0 3 0 4 0 5 0 
2 4 0 5 1 
4 2 0 3 0 4 0 5 1 
3 1 0 3 0 5 0 
3 1 0 4 1 5 0 
4 2 0 3 0 4 0 5 0 
2 3 0 5 0 
4 1 0 2 1 3 0 5 0 
4 2 0 3 0 4 0 5 1 
5 1 0 2 0 3 0 4 0 5 0 
1 4 0 
5 1 0 2 0 3 0 4 0 5 0 
4 1 0 2 0 4 1 5 0 
3 1 0 2 0 3 0 
5 1 0 2 0 3 0 4 0 5 0 
5 1 0 2 0 3 0 4 0 5 0 
3 2 1 3 0 5 0 
1 4 0 
2 3 0 4 0 
1 3 0 
2 1 0 2 0 
3 2 0 3 0 5 0 
4 2 0 3 0 4 1 5 0 
3 1 0 2 0 5 0 
1 2 0 
2 1 0 3 0 
3 2 0 3 1 4 0 
2 1 0 2 0 
2 2 0 4 0 
2 2 0 4 0 
5 1 1 2 0 3 0 4 0 5 0 
2 2 0 5 0 
4 1 0 2 0 4 0 5 0 
1 1 0 
2
7
2 1 1 2 0 
1 2 0 
1 1 0 
1 1 0 
1 2 0 
2 1 0 2 0 
1 2 0 
8
6
8 1 0 2 0 3 1 4 0 5 0 6 0 7 0 8 0 
8 1 0 2 0 3 0 4 0 5 0 6 1 7 0 8 0 
5 1 0 3 0 4 1 5 0 6 0 
5 3 0 5 1 6 0 7 0 8 0 
8 1 0 2 0 3 0 4 0 5 0 6 0 7 0 8 0 
7 1 0 2 0 3 0 4 0 5 0 7 0 8 0 
1
48
1 1 0 
1 1 1 
1 1 0 
1 1 0 
1 1 0 
1 1 0 
1 1 0 
1 1 0 
1 1 0 
1 1 0 
1 1 0 
1 1 0 
1 1 0 
1 1 0 
1 1 0 
1 1 0 
1 1 0 
1 1 0 
1 1 0 
1 1 0 
1 1 0 
1 1 0 
1 1 0 
1 1 0 
1 1 0 
1 1 0 
1 1 1 
1 1 0 
1 1 0 
1 1 0 
1 1 1 
1 1 0 
1 1 0 
1 1 0 
1 1 0 
1 1 0 
1 1 0 
1 1 0 
1 1 0 
1 1 0 
1 1 0 
1 1 0 
1 1 0 
1 1 0 
1 1 0 
1 1 0 
1 1 0 
1 1 0 
10
91
6 2 0 5 0 6 0 7 0 8 0 9 0 
3 5 0 9 0 10 0 
9 1 0 2 0 3 0 4 1 6 0 7 0 8 0 9 0 10 0 
4 1 0 2 0 6 0 8 1 
10 1 0 2 0 3 0 4 0 5 0 6 0 7 0 8 0 9 0 10 0 
10 1 0 2 0 3 0 4 0 5 0 6 0 7 0 8 0 9 1 10 0 
7 2 0 3 0 4 0 5 0 6 0 8 0 9 0 
9 1 0 2 0 4 0 5 0 6 0 7 0 8 1 9 0 10 0 
5 2 0 3 0 6 1 7 0 9 0 
4 2 0 6 0 9 1 10 0 
4 4 0 7 0 9 1 10 0 
5 1 0 2 0 7 0 9 0 10 0 
7 3 0 4 0 5 0 6 0 7 0 8 0 10 0 
8 1 0 2 0 3 0 4 0 5 0 6 0 9 0 10 0 
7 1 0 4 0 6 0 7 0 8 0 9 0 10 0 
10 1 0 2 0 3 0 4 0 5 0 6 0 7 0 8 0 9 0 10 0 
5 1 0 4 0 5 0 6 0 10 0 
10 1 0 2 0 3 0 4 0 5 0 6 0 7 0 8 1 9 0 10 0 
9 1 0 2 0 4 0 5 1 6 0 7 0 8 0 9 0 10 0 
8 1 0 2 0 3 0 5 0 6 0 7 0 8 0 9 0 
9 1 0 2 0 3 0 4 0 5 0 7 0 8 0 9 0 10 0 
7 1 0 3 0 4 1 6 0 7 0 8 0 10 0 
8 1 0 2 0 3 0 5 0 6 0 8 0 9 0 10 0 
4 2 0 5 0 6 0 9 0 
7 1 0 2 0 3 0 4 0 5 0 7 0 9 0 
10 1 0 2 0 3 0 4 0 5 0 6 0 7 0 8 0 9 0 10 0 
2 1 0 7 0 
9 1 0 2 0 3 1 4 0 6 0 7 0 8 0 9 0 10 0 
1 4 0 
8 2 0 3 0 4 0 5 0 6 0 7 0 8 0 10 0 
3 7 1 8 0 9 0 
9 1 0 3 0 4 0 5 1 6 0 7 0 8 0 9 0 10 0 
3 2 0 7 0 8 0 
8 1 0 2 0 3 0 4 1 6 0 8 0 9 0 10 0 
7 1 0 2 0 3 0 5 0 7 0 9 0 10 0 
4 3 0 5 0 8 1 10 0 
2 6 0 7 0 
5 1 0 2 0 4 0 5 1 6 0 
3 5 0 7 0 9 0 
1 3 0 
2 3 0 10 0 
10 1 0 2 0 3 0 4 0 5 0 6 0 7 0 8 0 9 1 10 0 
8 1 0 2 0 3 0 4 0 7 0 8 0 9 0 10 0 
5 1 0 3 0 5 0 7 0 8 0 
8 1 0 3 0 4 0 6 0 7 0 8 0 9 1 10 0 
4 1 0 4 0 5 0 7 1 
5 2 0 4 1 5 0 6 0 9 0 
1 3 0 
10 1 0 2 0 3 0 4 0 5 0 6 0 7 0 8 0 9 0 10 0 
3 4 0 9 0 10 0 
4 4 0 7 0 8 0 9 0 
3 1 0 8 0 9 0 
4 1 0 2 0 6 0 8 0 
1 8 0 
4 2 0 6 0 7 0 10 1 
4 1 0 8 0 9 1 10 0 
5 1 0 2 0 6 0 7 0 10 0 
1 10 0 
5 2 0 4 0 5 0 6 0 9 0 
9 1 0 2 0 4 0 5 0 6 0 7 1 8 0 9 0 10 0 
6 1 0 3 1 5 0 6 0 9 0 10 0 
7 1 0 3 0 4 0 5 0 6 0 8 0 10 0 
7 2 0 4 0 5 1 7 0 8 0 9 0 10 0 
6 3 0 4 0 6 0 7 0 9 0 10 0 
5 1 0 3 1 5 0 7 0 8 0 
10 1 0 2 0 3 0 4 0 5 0 6 0 7 0 8 0 9 0 10 0 
8 1 0 3 0 5 0 6 0 7 0 8 0 9 0 10 1 
6 1 0 3 0 4 0 6 0 8 0 9 1 
9 1 0 2 0 3 0 4 0 5 1 6 0 7 0 8 0 10 0 
2 1 0 6 0 
4 2 0 6 0 7 0 8 0 
7 3 0 4 0 5 0 6 0 8 0 9 1 10 0 
1 10 0 
7 1 0 2 0 4 1 5 0 7 0 8 0 9 0 
1 8 0 
9 1 0 2 0 4 0 5 1 6 0 7 0 8 0 9 0 10 0 
8 1 0 2 0 3 0 4 0 6 0 7 0 8 0 10 0 
8 3 0 4 0 5 0 6 0 7 0 8 0 9 0 10 1 
6 1 0 2 0 3 0 4 0 5 0 9 0 
10 1 0 2 0 3 1 4 0 5 0 6 0 7 0 8 0 9 0 10 0 
5 1 0 2 0 7 0 9 0 10 0 
10 1 0 2 0 3 1 4 0 5 0 6 0 7 0 8 0 9 0 10 0 
9 1 0 2 0 3 0 4 0 5 0 6 0 7 0 9 0 10 1 
1 1 0 
10 1 0 2 0 3 0 4 0 5 0 6 0 7 0 8 1 9 0 10 0 
7 3 0 4 0 6 0 7 0 8 0 9 0 10 0 
5 3 0 6 0 7 0 8 0 10 0 
3 2 0 5 1 9 0 
5 1 0 4 0 5 0 7 0 8 0 
3 2 0 8 0 10 0 
7 1 0 2 0 3 0 6 0 7 0 9 0 10 1 
2
56
2 1 0 2 0 
2 1 0 2 0 
2 1 0 2 0 
1 1 0 
2 1 1 2 0 
2 1 1 2 0 
2 1 1 2 0 
2 1 0 2 0 
2 1 0 2 0 
1 1 0 
2 1 0 2 0 
1 2 0 
1 1 0 
1 2 0 
2 1 0 2 1 
1 1 0 
1 2 1 
2 1 0 2 0 
2 1 0 2 0 
1 2 0 
1 2 0 
1 2 0 
1 1 0 
2 1 0 2 0 
1 1 0 
2 1 0 2 0 
2 1 0 2 0 
2 1 1 2 0 
1 2 0 
2 1 1 2 0 
1 2 0 
1 2 0 
2 1 0 2 0 
1 2 0 
1 1 0 
2 1 0 2 0 
2 1 0 2 0 
2 1 0 2 0 
2 1 0 2 0 
2 1 0 2 0 
2 1 0 2 0 
1 2 0 
2 1 0 2 0 
2 1 0 2 0 
2 1 0 2 0 
1 2 0 
1 1 0 
2 1 0 2 0 
2 1 0 2 0 
1 1 0 
2 1 0 2 0 
1 1 1 
2 1 0 2 0 
1 2 0 
2 1 0 2 0 
1 1 0 
2
42
1 2 0 
1 2 0 
1 2 0 
1 1 0 
1 2 0 
2 1 0 2 0 
1 2 0 
1 1 0 
2 1 0 2 0 
2 1 0 2 0 
1 1 0 
2 1 0 2 0 
1 2 0 
2 1 0 2 0 
1 2 0 
2 1 0 2 0 
1 1 0 
1 1 0 
2 1 0 2 0 
1 2 1 
1 2 0 
2 1 0 2 0 
1 2 1 
1 2 0 
1 2 1 
2 1 0 2 0 
2 1 1 2 0 
2 1 0 2 0 
2 1 0 2 0 
1 2 0 
2 1 0 2 0 
1 2 0 
1 2 0 
2 1 0 2 0 
2 1 1 2 0 
2 1 0 2 0 
2 1 0 2 0 
1 1 0 
2 1 0 2 0 
2 1 0 2 0 
1 2 0 
1 2 0 
10
71
1 3 0 
4 2 0 6 0 7 1 9 0 
5 1 0 2 0 4 0 7 0 10 0 
3 1 0 4 0 6 0 
4 4 0 6 0 7 0 8 0 
5 2 0 4 0 5 0 6 0 8 0 
10 1 0 2 0 3 0 4 0 5 0 6 0 7 0 8 0 9 0 10 0 
8 1 0 2 0 3 1 4 0 5 0 6 0 7 0 9 0 
1 2 0 
5 1 0 5 0 7 0 9 0 10 0 
4 2 0 8 0 9 0 10 0 
6 2 0 4 0 6 0 7 0 9 0 10 0 
7 1 1 5 0 6 0 7 0 8 0 9 0 10 0 
6 2 0 3 0 4 0 7 0 9 0 10 0 
9 1 0 2 0 3 0 4 0 5 0 6 0 7 0 8 0 9 0 
7 3 0 4 0 5 0 6 0 7 0 8 0 10 0 
7 1 0 3 0 5 0 6 0 7 0 8 0 9 1 
3 2 0 5 0 7 0 
7 1 0 2 0 4 0 5 0 8 0 9 0 10 1 
7 1 0 2 0 3 0 4 0 5 0 8 0 10 0 
6 1 1 3 0 5 0 7 0 9 0 10 0 
1 10 0 
5 1 1 2 0 6 0 7 0 9 0 
9 1 0 2 0 3 0 4 0 5 0 6 0 7 1 8 0 10 0 
6 3 0 4 0 5 0 6 0 7 0 9 0 
10 1 0 2 0 3 0 4 0 5 0 6 0 7 0 8 0 9 1 10 0 
2 6 0 8 0 
10 1 0 2 0 3 0 4 0 5 0 6 1 7 0 8 0 9 0 10 0 
3 3 0 5 0 7 0 
1 7 1 
8 1 0 3 0 4 1 5 0 6 0 7 0 9 0 10 0 
4 7 0 8 0 9 0 10 0 
3 4 0 7 0 9 0 
5 1 0 3 0 7 0 8 0 9 0 
1 7 0 
3 4 0 6 0 7 0 
3 1 0 3 0 10 0 
3 3 0 9 0 10 0 
7 2 0 3 0 5 0 6 0 7 0 8 0 9 0 
2 6 0 7 0 
3 6 0 8 0 9 1 
3 3 0 5 0 10 0 
4 1 0 6 0 9 0 10 0 
3 6 0 7 0 8 0 
3 8 0 9 0 10 0 
7 1 0 3 0 5 0 6 0 8 0 9 0 10 0 
9 1 0 2 0 3 0 4 0 5 0 7 0 8 0 9 0 10 0 
3 1 1 3 0 7 0 
7 1 1 2 0 3 0 4 0 6 0 8 0 10 0 
6 1 0 3 0 5 0 6 0 7 0 10 1 
5 2 0 3 0 4 0 6 0 8 0 
8 1 0 3 0 4 0 5 0 6 0 7 0 9 0 10 0 
4 2 0 4 0 6 0 10 0 
7 2 0 3 0 4 0 5 1 6 0 7 0 9 0 
6 1 0 2 1 4 0 5 0 8 0 10 0 
8 1 0 2 0 3 0 4 0 5 1 7 0 8 0 9 0 
7 2 0 3 0 5 0 7 0 8 0 9 0 10 0 
7 1 0 2 0 3 0 5 0 7 0 8 0 10 1 
7 1 0 2 1 4 0 5 0 6 0 7 0 8 0 
1 3 0 
9 1 0 3 0 4 0 5 0 6 0 7 0 8 0 9 0 10 0 
9 1 0 2 0 3 0 4 0 5 0 6 0 7 0 8 0 9 0 
6 2 0 3 1 5 0 6 0 8 0 9 0 
6 3 0 4 0 5 0 6 0 7 0 10 0 
7 1 0 2 0 3 0 5 0 6 0 9 0 10 1 
2 1 0 6 0 
3 8 0 9 0 10 0 
3 3 0 7 1 10 0 
1 9 0 
3 2 0 4 0 6 0 
9 1 0 2 0 3 0 4 0 5 0 6 1 7 0 8 0 9 0 
9
95
2 4 0 6 0 
9 1 0 2 1 3 0 4 0 5 0 6 0 7 0 8 0 9 0 
8 1 0 2 0 4 0 5 0 6 1 7 0 8 0 9 0 
3 1 0 3 0 9 0 
7 1 0 2 0 3 0 6 0 7 0 8 0 9 0 
7 3 0 4 0 5 1 6 0 7 0 8 0 9 0 
9 1 0 2 0 3 0 4 0 5 0 6 0 7 0 8 0 9 0 
1 4 1 
9 1 0 2 0 3 0 4 0 5 1 6 0 7 0 8 0 9 0 
4 1 0 2 0 5 0 8 0 
7 1 1 3 0 5 0 6 0 7 0 8 0 9 0 
8 1 0 2 0 3 0 4 0 5 0 6 0 8 0 9 0 
2 1 0 6 0 
6 1 0 2 0 4 0 5 0 6 0 8 0 
8 1 0 2 0 4 0 5 0 6 0 7 1 8 0 9 0 
7 1 0 2 0 3 0 6 0 7 0 8 0 9 0 
8 1 0 2 0 3 0 5 1 6 0 7 0 8 0 9 0 
9 1 0 2 0 3 0 4 0 5 0 6 0 7 0 8 0 9 0 
1 6 0 
8 1 0 2 0 3 0 4 0 5 0 6 0 7 1 8 0 
5 1 0 2 1 3 0 6 0 7 0 
9 1 0 2 0 3 0 4 0 5 0 6 0 7 0 8 0 9 0 
3 2 1 8 0 9 0 
4 3 0 5 0 6 0 9 0 
4 5 0 7 0 8 1 9 0 
3 3 0 4 0 5 0 
2 1 0 9 0 
7 1 0 3 0 4 1 6 0 7 0 8 0 9 0 
9 1 0 2 0 3 0 4 0 5 0 6 0 7 0 8 0 9 0 
8 1 1 2 0 3 0 4 0 5 0 6 0 7 0 9 0 
8 1 0 2 0 3 0 4 0 5 0 7 0 8 0 9 0 
7 1 0 2 0 3 0 5 0 6 0 7 0 8 0 
6 2 0 5 0 6 0 7 0 8 0 9 1 
9 1 0 2 0 3 0 4 0 5 0 6 0 7 0 8 0 9 0 
3 1 0 3 0 6 0 
2 1 0 8 0 
3 1 0 2 0 8 0 
2 2 0 8 0 
8 1 0 3 1 4 0 5 0 6 0 7 0 8 0 9 0 
5 1 0 2 0 6 0 7 0 8 0 
3 3 0 6 1 8 0 
2 1 0 5 0 
3 2 0 7 1 8 0 
8 2 0 3 0 4 0 5 0 6 0 7 0 8 0 9 1 
1 7 0 
4 2 0 4 0 6 0 7 0 
8 1 0 2 0 3 0 5 0 6 0 7 0 8 1 9 0 
6 1 0 2 0 3 0 5 0 6 0 7 0 
2 2 0 9 0 
8 2 0 3 1 4 0 5 0 6 0 7 0 8 0 9 0 
2 4 0 7 0 
5 1 0 2 0 4 0 5 0 7 0 
4 1 0 3 0 5 0 6 0 
5 1 0 2 0 4 0 6 0 7 0 
4 1 0 3 0 5 0 9 0 
1 1 0 
4 3 0 4 0 5 0 6 0 
3 1 0 7 0 9 0 
2 3 0 9 1 
3 2 0 3 0 9 1 
2 1 0 2 0 
3 4 0 5 1 7 0 
6 1 0 2 0 4 0 6 0 8 0 9 0 
5 3 0 4 0 6 0 7 0 8 0 
4 2 0 3 0 5 0 7 0 
6 1 0 2 0 3 0 5 0 7 0 9 0 
6 1 0 2 0 5 0 6 0 7 0 9 0 
7 1 0 2 0 3 0 4 1 6 0 8 0 9 0 
1 8 1 
7 2 0 3 0 4 0 5 0 6 0 7 0 8 0 
7 1 0 2 0 3 0 4 0 5 0 6 0 7 0 
3 2 0 5 0 6 0 
5 1 0 5 1 6 0 8 0 9 0 
9 1 0 2 0 3 0 4 0 5 0 6 1 7 0 8 0 9 0 
8 2 0 3 0 4 0 5 0 6 0 7 1 8 0 9 0 
6 1 0 2 0 3 0 4 0 5 0 8 0 
6 4 0 5 0 6 0 7 0 8 0 9 0 
3 1 0 6 0 8 0 
3 2 0 4 0 5 1 
3 1 0 2 0 5 0 
3 4 0 6 0 7 0 
7 1 0 2 0 4 1 5 0 6 0 7 0 9 0 
2 3 0 7 1 
5 1 0 3 0 4 0 7 0 8 0 
4 5 0 7 0 8 0 9 0 
1 7 0 
9 1 0 2 0 3 1 4 0 5 0 6 0 7 0 8 0 9 0 
9 1 1 2 0 3 0 4 0 5 0 6 0 7 0 8 0 9 0 
7 1 0 2 0 3 1 4 0 7 0 8 0 9 0 
3 5 1 7 0 8 0 
5 2 0 3 0 4 0 5 0 7 0 
9 1 0 2 0 3 0 4 0 5 0 6 0 7 0 8 0 9 0 
4 4 0 5 0 8 1 9 0 
5 2 0 3 0 4 0 6 0 8 0 
3 2 0 4 0 8 0 
9
14
7 1 0 3 0 4 0 6 0 7 0 8 0 9 0 
8 1 0 2 0 3 0 4 0 6 0 7 0 8 1 9 0 
4 3 0 4 1 5 0 8 0 
6 1 0 3 0 4 0 5 0 8 0 9 0 
5 1 0 4 0 5 0 8 0 9 0 
5 2 1 3 0 4 0 7 0 9 0 
2 1 0 6 0 
3 5 0 6 0 8 1 
5 4 1 5 0 6 0 8 0 9 0 
9 1 0 2 0 3 0 4 0 5 0 6 0 7 0 8 0 9 0 
9 1 0 2 0 3 0 4 0 5 1 6 0 7 0 8 0 9 0 
3 1 0 2 0 6 0 
2 5 1 8 0 
1 6 0 
2
32
1 1 0 
2 1 0 2 0 
1 1 0 
2 1 0 2 1 
2 1 0 2 0 
1 2 0 
1 1 0 
1 1 0 
1 2 0 
1 1 0 
2 1 0 2 0 
1 2 0 
2 1 0 2 0 
1 2 0 
2 1 0 2 0 
2 1 0 2 0 
2 1 0 2 0 
1 2 0 
1 1 0 
2 1 0 2 0 
2 1 0 2 0 
2 1 0 2 0 
1 2 0 
1 1 0 
1 2 0 
2 1 1 2 0 
2 1 0 2 0 
2 1 0 2 0 
1 1 0 
2 1 0 2 0 
2 1 0 2 0 
2 1 0 2 0 
10
26
2 9 0 10 0 
3 5 1 8 0 10 0 
9 1 0 2 0 3 0 4 0 6 0 7 0 8 0 9 0 10 0 
4 2 0 6 0 9 0 10 0 
2 2 0 6 0 
6 2 0 3 0 4 0 5 0 6 0 7 0 
5 1 0 3 0 6 0 9 0 10 1 
1 4 0 
9 1 0 2 0 3 0 4 0 6 0 7 1 8 0 9 0 10 0 
3 6 0 7 0 8 1 
1 3 0 
9 1 0 2 0 3 0 4 0 5 1 7 0 8 0 9 0 10 0 
10 1 0 2 0 3 0 4 0 5 0 6 0 7 0 8 0 9 0 10 0 
10 1 0 2 0 3 0 4 0 5 0 6 0 7 0 8 0 9 0 10 0 
7 1 1 3 0 4 0 5 0 6 0 8 0 9 0 
8 1 0 2 0 3 0 4 0 5 0 6 0 8 0 10 1 
8 1 0 2 0 4 0 5 0 6 0 8 0 9 0 10 1 
9 2 0 3 0 4 0 5 0 6 0 7 1 8 0 9 0 10 0 
1 3 0 
6 2 0 4 0 6 0 7 0 9 1 10 0 
9 1 0 2 0 3 0 4 0 6 0 7 0 8 0 9 0 10 0 
4 2 0 3 0 5 0 7 0 
8 1 0 3 0 5 0 6 0 7 0 8 0 9 0 10 0 
1 6 0 
8 1 0 2 0 3 1 4 0 5 0 6 0 8 0 9 0 
5 2 0 4 0 5 0 6 0 10 0 
4
43
4 1 0 2 0 3 0 4 0 
2 1 0 4 0 
1 4 1 
4 1 0 2 0 3 0 4 0 
1 3 0 
2 3 0 4 0 
1 1 0 
4 1 0 2 0 3 0 4 0 
1 3 0 
4 1 1 2 0 3 0 4 0 
1 3 0 
1 4 0 
4 1 0 2 0 3 0 4 0 
4 1 1 2 0 3 0 4 0 
1 3 0 
2 3 0 4 0 
2 2 1 3 0 
4 1 0 2 0 3 0 4 0 
1 2 0 
2 2 0 4 0 
3 1 0 2 0 4 0 
2 1 0 4 0 
1 4 0 
1 4 0 
2 1 0 4 0 
4 1 0 2 1 3 0 4 0 
4 1 0 2 0 3 0 4 1 
1 3 0 
2 3 0 4 0 
2 1 0 4 0 
2 1 0 4 0 
3 1 0 3 0 4 0 
3 1 0 3 0 4 0 
2 3 0 4 0 
3 2 1 3 0 4 0 
3 2 0 3 0 4 1 
2 2 0 4 1 
3 1 0 2 0 3 0 
1 4 0 
3 1 1 3 0 4 0 
4 1 0 2 0 3 0 4 1 
3 2 0 3 0 4 0 
2 2 0 4 0 
8
23
3 2 0 3 0 8 0 
3 3 0 4 0 8 0 
1 7 0 
1 6 0 
4 1 0 4 0 5 0 8 0 
4 3 0 5 0 6 1 7 0 
7 1 0 2 0 4 0 5 0 6 0 7 1 8 0 
3 1 0 6 0 7 0 
6 1 0 2 0 4 0 5 0 7 1 8 0 
5 2 0 4 0 5 0 6 0 7 0 
4 3 0 4 0 5 0 6 0 
2 2 0 7 1 
4 1 0 2 0 3 1 8 0 
5 1 0 4 0 5 0 6 0 7 0 
6 1 0 2 0 3 0 4 0 7 0 8 0 
5 1 0 2 0 3 1 5 0 8 0 
3 1 0 2 0 3 0 
5 3 0 4 0 5 0 7 0 8 0 
5 2 0 4 1 5 0 6 0 7 0 
2 1 0 4 0 
3 3 0 5 0 6 0 
6 1 0 2 0 4 0 5 0 6 0 8 0 
3 4 0 6 0 8 0 
1
20
1 1 0 
1 1 0 
1 1 0 
1 1 0 
1 1 0 
1 1 0 
1 1 0 
1 1 0 
1 1 0 
1 1 0 
1 1 0 
1 1 0 
1 1 1 
1 1 0 
1 1 0 
1 1 0 
1 1 0 
1 1 0 
1 1 1 
1 1 0 
9
95
8 2 0 3 0 4 0 5 0 6 0 7 0 8 0 9 0 
1 1 0 
5 1 0 2 0 3 0 5 0 7 0 
8 1 0 2 0 4 0 5 0 6 0 7 0 8 0 9 0 
9 1 0 2 0 3 0 4 0 5 0 6 0 7 0 8 0 9 1 
3 3 0 5 0 9 0 
5 3 0 4 0 6 0 7 0 8 0 
4 2 0 4 0 6 0 9 0 
3 4 0 8 0 9 0 
8 1 0 2 1 3 0 4 0 5 0 6 0 8 0 9 0 
7 1 0 2 1 3 0 4 0 7 0 8 0 9 0 
9 1 0 2 0 3 0 4 0 5 0 6 0 7 0 8 0 9 0 
5 2 0 3 0 4 0 7 0 8 0 
5 2 0 3 0 6 0 7 0 9 0 
2 2 0 7 0 
8 2 0 3 0 4 0 5 0 6 0 7 1 8 0 9 0 
9 1 0 2 0 3 0 4 0 5 0 6 0 7 0 8 0 9 0 
2 1 0 7 1 
7 1 0 2 1 5 0 6 0 7 0 8 0 9 0 
7 1 0 2 0 5 0 6 0 7 0 8 0 9 0 
6 1 0 2 0 3 0 4 0 6 0 8 0 
2 3 0 5 0 
3 3 0 6 0 8 0 
5 1 0 3 0 4 0 5 0 9 0 
5 2 0 5 0 6 0 7 1 8 0 
3 4 0 8 0 9 0 
2 5 0 9 0 
9 1 0 2 0 3 0 4 0 5 0 6 0 7 0 8 0 9 0 
5 1 0 2 0 4 0 5 0 6 0 
4 1 0 4 0 6 1 7 0 
5 1 0 3 0 4 0 6 0 9 0 
7 1 0 2 1 4 0 5 0 7 0 8 0 9 0 
7 1 0 2 0 3 0 4 1 7 0 8 0 9 0 
9 1 0 2 0 3 0 4 0 5 1 6 0 7 0 8 0 9 0 
6 1 0 2 0 4 0 6 0 7 0 8 0 
7 1 1 2 0 3 0 4 0 6 0 7 0 9 0 
7 1 0 2 0 3 0 4 0 5 0 6 0 8 0 
8 1 0 2 0 3 1 4 0 5 0 6 0 7 0 9 0 
6 1 0 2 0 4 0 6 0 8 0 9 0 
8 1 0 2 0 4 0 5 0 6 0 7 0 8 0 9 0 
8 1 0 2 0 3 0 4 0 5 0 7 0 8 0 9 0 
3 2 0 7 0 8 0 
7 1 0 2 0 3 0 5 1 7 0 8 0 9 0 
9 1 0 2 1 3 0 4 0 5 0 6 0 7 0 8 0 9 0 
7 1 0 4 0 5 0 6 0 7 0 8 0 9 0 
7 1 0 2 0 3 0 5 0 7 1 8 0 9 0 
4 3 0 4 1 5 0 6 0 
5 1 0 3 0 4 0 6 0 7 0 
1 4 0 
2 1 0 7 0 
5 1 1 2 0 3 0 5 0 8 0 
1 8 0 
9 1 0 2 1 3 0 4 0 5 0 6 0 7 0 8 0 9 0 
4 4 0 6 0 8 0 9 0 
2 7 0 8 0 
4 3 0 6 0 7 0 9 0 
4 1 0 7 0 8 0 9 0 
7 1 0 2 0 3 0 4 0 5 1 7 0 9 0 
4 1 0 2 1 3 0 9 0 
7 1 0 2 0 3 0 5 0 6 0 7 0 8 0 
9 1 0 2 1 3 0 4 0 5 0 6 0 7 0 8 0 9 0 
3 7 0 8 0 9 0 
6 2 0 3 0 4 0 5 0 6 0 9 1 
4 1 0 3 0 4 0 7 0 
5 2 0 4 0 6 0 7 0 8 0 
4 2 0 5 0 6 0 7 0 
6 1 0 3 0 5 0 6 0 8 0 9 0 
5 5 0 6 0 7 0 8 0 9 0 
6 1 0 3 0 5 0 6 1 7 0 9 0 
4 1 0 6 0 7 0 9 0 
5 1 0 3 0 5 0 7 0 8 0 
1 6 0 
5 2 0 5 0 6 0 7 0 9 1 
9 1 0 2 0 3 0 4 0 5 0 6 1 7 0 8 0 9 0 
6 1 0 3 0 5 0 6 0 8 0 9 0 
8 1 0 2 0 3 0 5 0 6 0 7 0 8 0 9 0 
5 1 1 5 0 6 0 8 0 9 0 
8 1 1 2 0 3 0 4 0 6 0 7 0 8 0 9 0 
4 1 0 3 0 6 0 7 0 
6 2 0 4 0 6 0 7 0 8 0 9 1 
2 4 0 6 0 
9 1 0 2 0 3 0 4 0 5 0 6 0 7 0 8 1 9 0 
4 2 0 3 0 6 0 8 0 
8 1 0 2 1 3 0 5 0 6 0 7 0 8 0 9 0 
9 1 0 2 0 3 0 4 0 5 0 6 1 7 0 8 0 9 0 
6 1 0 5 0 6 0 7 0 8 0 9 0 
2 2 0 7 0 
7 2 0 4 0 5 0 6 1 7 0 8 0 9 0 
6 4 0 5 0 6 0 7 0 8 0 9 0 
7 1 0 2 0 3 0 4 0 5 0 8 1 9 0 
1 2 0 
8 1 0 2 0 3 0 4 0 5 0 7 0 8 1 9 0 
1 7 0 
2 2 0 9 0 
5 1 0 2 0 4 0 7 0 9 0 
1
56
1 1 0 
1 1 0 
1 1 0 
1 1 0 
1 1 0 
1 1 0 
1 1 0 
1 1 0 
1 1 0 
1 1 0 
1 1 0 
1 1 0 
1 1 0 
1 1 0 
1 1 1 
1 1 0 
1 1 0 
1 1 0 
1 1 0 
1 1 0 
1 1 0 
1 1 0 
1 1 0 
1 1 0 
1 1 0 
1 1 0 
1 1 0 
1 1 0 
1 1 0 
1 1 0 
1 1 0 
1 1 0 
1 1 0 
1 1 0 
1 1 0 
1 1 0 
1 1 0 
1 1 0 
1 1 0 
1 1 0 
1 1 0 
1 1 0 
1 1 0 
1 1 1 
1 1 0 
1 1 0 
1 1 0 
1 1 0 
1 1 0 
1 1 0 
1 1 0 
1 1 0 
1 1 0 
1 1 0 
1 1 0 
1 1 0 
4
8
3 1 0 3 0 4 1 
1 2 0 
4 1 0 2 0 3 0 4 0 
1 1 0 
3 1 1 3 0 4 0 
4 1 0 2 0 3 0 4 0 
1 1 0 
2 2 0 4 0 
7
99
3 1 0 3 0 6 0 
4 1 0 2 1 3 0 6 0 
2 4 0 7 0 
4 1 0 2 0 3 0 7 0 
4 2 0 3 0 4 0 5 0 
4 2 0 3 0 5 0 6 0 
4 4 1 5 0 6 0 7 0 
1 5 0 
4 4 0 5 0 6 0 7 0 
2 4 0 6 0 
5 1 0 2 0 3 0 4 0 6 0 
2 3 0 5 0 
4 1 0 2 0 5 0 7 0 
5 2 0 3 0 4 0 5 0 6 0 
1 2 0 
5 3 0 4 0 5 0 6 0 7 0 
1 5 0 
6 2 1 3 0 4 0 5 0 6 0 7 0 
3 1 0 2 0 7 0 
4 1 0 2 0 3 0 4 0 
7 1 0 2 0 3 0 4 0 5 0 6 0 7 0 
4 1 0 2 0 3 0 6 0 
1 3 0 
4 1 0 5 0 6 0 7 0 
3 2 0 4 1 6 0 
4 1 0 2 0 3 0 7 0 
1 1 0 
1 3 0 
4 2 0 4 0 5 0 7 0 
5 2 0 3 0 4 0 6 0 7 1 
2 4 0 6 1 
2 3 0 4 0 
7 1 0 2 0 3 0 4 0 5 0 6 0 7 0 
7 1 0 2 1 3 0 4 0 5 0 6 0 7 0 
7 1 0 2 0 3 0 4 0 5 0 6 0 7 1 
5 3 0 4 0 5 0 6 1 7 0 
5 2 0 3 0 4 1 5 0 7 0 
6 1 0 2 1 3 0 4 0 5 0 7 0 
7 1 0 2 0 3 0 4 0 5 0 6 0 7 0 
4 3 0 4 0 5 0 7 0 
3 2 0 3 0 7 0 
7 1 0 2 0 3 0 4 0 5 0 6 0 7 0 
5 2 0 3 0 4 1 6 0 7 0 
4 3 0 4 0 5 0 6 0 
7 1 0 2 0 3 0 4 0 5 0 6 1 7 0 
1 7 0 
6 1 0 2 0 3 0 5 0 6 0 7 0 
5 1 0 2 0 3 0 4 0 7 1 
1 7 0 
7 1 1 2 0 3 0 4 0 5 0 6 0 7 0 
6 1 0 2 0 3 0 4 0 5 0 6 0 
7 1 0 2 1 3 0 4 0 5 0 6 0 7 0 
3 3 0 6 0 7 0 
3 1 0 3 0 4 0 
7 1 0 2 0 3 0 4 1 5 0 6 0 7 0 
5 1 1 2 0 4 0 5 0 6 0 
5 2 0 3 0 4 0 6 0 7 0 
4 4 0 5 0 6 0 7 0 
7 1 0 2 0 3 1 4 0 5 0 6 0 7 0 
4 1 0 3 0 4 0 7 0 
1 5 0 
6 1 0 2 0 3 0 4 0 6 0 7 0 
2 1 0 2 0 
4 1 0 2 0 3 0 6 0 
6 1 0 2 0 3 0 4 0 5 0 6 0 
5 1 0 2 0 3 0 5 0 7 0 
3 1 0 4 1 6 0 
7 1 0 2 0 3 0 4 0 5 0 6 0 7 0 
7 1 0 2 0 3 0 4 0 5 0 6 0 7 0 
4 2 0 4 1 5 0 7 0 
2 1 0 5 0 
2 1 0 6 1 
3 1 0 4 0 6 0 
5 1 0 2 1 5 0 6 0 7 0 
2 3 0 7 0 
3 5 0 6 0 7 0 
5 1 0 4 0 5 0 6 0 7 0 
3 2 0 5 0 6 0 
5 1 0 2 0 3 0 4 0 5 0 
7 1 0 2 0 3 0 4 0 5 0 6 0 7 0 
1 3 0 
4 2 0 3 0 4 0 5 0 
4 1 0 2 0 6 0 7 0 
2 2 1 4 0 
3 2 0 6 0 7 0 
2 1 0 7 0 
7 1 0 2 0 3 0 4 0 5 0 6 0 7 0 
5 1 0 2 0 5 1 6 0 7 0 
6 1 1 2 0 3 0 4 0 6 0 7 0 
3 5 0 6 0 7 0 
2 2 0 5 0 
2 2 0 4 0 
6 1 0 2 0 3 0 4 1 5 0 6 0 
7 1 0 2 0 3 0 4 0 5 1 6 0 7 0 
1 4 0 
6 1 0 2 0 3 0 4 1 5 0 7 0 
1 3 0 
5 2 0 3 0 4 0 6 0 7 0 
4 3 0 4 0 5 0 7 0 
8
73
3 2 0 5 0 7 0 
4 2 0 4 0 7 0 8 0 
8 1 0 2 0 3 0 4 0 5 0 6 0 7 0 8 0 
8 1 0 2 0 3 0 4 0 5 0 6 0 7 0 8 0 
7 1 0 2 0 3 0 5 0 6 0 7 0 8 0 
4 1 0 3 0 6 0 8 0 
4 1 0 5 0 6 1 7 0 
1 4 0 
2 5 0 6 0 
2 3 0 7 0 
1 4 0 
6 2 0 3 0 5 0 6 0 7 0 8 0 
1 5 1 
1 5 0 
1 3 0 
6 1 0 4 0 5 0 6 0 7 0 8 0 
5 1 0 3 0 4 0 5 1 8 0 
6 2 0 3 0 5 0 6 0 7 0 8 0 
8 1 0 2 0 3 0 4 0 5 1 6 0 7 0 8 0 
6 1 0 2 0 4 0 5 1 6 0 7 0 
6 1 0 2 0 3 0 4 0 5 0 7 0 
3 2 0 6 0 8 0 
4 1 0 2 0 7 0 8 1 
6 1 1 4 0 5 0 6 0 7 0 8 0 
2 5 0 8 0 
5 2 0 3 0 4 0 6 0 7 0 
5 1 0 2 0 3 0 5 0 7 0 
3 3 0 6 0 8 1 
7 1 0 2 0 3 0 4 0 5 0 6 0 7 1 
8 1 0 2 0 3 1 4 0 5 0 6 0 7 0 8 0 
1 2 0 
2 2 0 6 0 
7 1 0 2 0 3 0 4 0 5 0 6 0 7 0 
7 1 0 3 0 4 0 5 0 6 0 7 0 8 0 
3 1 0 4 0 6 0 
4 1 0 2 0 4 0 8 0 
5 2 0 3 0 5 0 7 0 8 0 
4 1 0 3 0 5 0 8 0 
7 1 0 2 0 4 0 5 0 6 0 7 0 8 0 
7 1 0 2 1 4 0 5 0 6 0 7 0 8 0 
7 1 0 2 0 3 0 4 0 5 0 7 0 8 0 
8 1 0 2 0 3 0 4 0 5 1 6 0 7 0 8 0 
6 1 0 3 0 4 0 5 1 6 0 8 0 
5 2 0 4 0 6 0 7 0 8 0 
1 5 0 
7 1 0 2 0 3 0 4 0 6 0 7 0 8 0 
7 1 0 2 0 3 0 4 0 6 0 7 0 8 0 
1 3 0 
4 1 0 3 0 6 0 8 1 
4 1 0 4 0 6 0 7 0 
6 2 0 3 0 4 0 5 0 6 1 7 0 
4 1 0 4 0 6 0 8 0 
5 2 0 3 0 4 0 5 0 7 0 
3 4 0 5 0 7 0 
7 1 0 2 0 3 1 4 0 5 0 6 0 8 0 
4 3 0 4 0 5 0 7 0 
6 2 0 4 0 5 0 6 0 7 0 8 0 
1 5 0 
8 1 0 2 0 3 0 4 0 5 0 6 1 7 0 8 0 
1 4 0 
7 2 0 3 0 4 0 5 0 6 0 7 0 8 0 
4 2 0 3 0 6 0 7 0 
5 1 0 4 0 6 0 7 0 8 0 
5 2 1 3 0 4 0 5 0 6 0 
6 1 0 3 0 4 0 5 0 6 0 8 0 
4 2 0 4 0 7 0 8 0 
5 1 0 2 0 3 0 5 1 8 0 
2 2 0 8 0 
1 4 0 
4 1 0 3 0 4 0 8 0 
7 1 0 3 0 4 0 5 0 6 0 7 0 8 0 
4 3 0 4 0 5 0 7 0 
5 1 0 4 1 5 0 6 0 8 0 
9
50
5 2 0 3 0 5 0 6 0 7 0 
5 1 0 2 0 5 0 6 0 7 0 
5 1 0 2 1 7 0 8 0 9 0 
3 1 0 2 0 9 1 
4 5 0 6 0 7 0 8 1 
6 2 0 3 0 4 0 5 0 6 1 9 0 
7 1 0 2 1 3 0 4 0 5 0 8 0 9 0 
2 1 1 9 0 
3 1 0 2 0 5 1 
1 5 0 
3 2 0 4 0 7 0 
5 1 0 2 0 5 0 7 1 9 0 
2 1 0 9 0 
5 1 1 2 0 6 0 7 0 9 0 
4 1 1 3 0 5 0 6 0 
7 1 0 2 0 3 1 4 0 6 0 7 0 9 0 
9 1 0 2 0 3 0 4 0 5 0 6 0 7 0 8 0 9 0 
7 1 0 2 0 3 0 4 0 6 0 8 1 9 0 
8 1 0 3 0 4 0 5 0 6 0 7 1 8 0 9 0 
7 1 0 3 0 4 0 5 0 6 0 8 0 9 0 
1 9 0 
8 1 0 2 0 3 0 4 0 5 0 6 0 8 1 9 0 
6 1 0 3 0 5 0 6 0 8 0 9 0 
1 7 0 
8 1 1 2 0 3 0 4 0 5 0 6 0 8 0 9 0 
6 1 0 2 0 4 0 5 0 7 0 9 0 
1 8 1 
3 1 0 4 0 9 0 
6 1 1 2 0 3 0 4 0 5 0 9 0 
4 1 0 3 0 8 0 9 0 
7 2 0 3 0 4 0 5 1 6 0 8 0 9 0 
2 2 0 6 0 
2 6 0 7 0 
6 1 0 2 0 4 0 5 0 7 0 8 0 
1 9 0 
2 4 0 8 0 
9 1 0 2 0 3 0 4 0 5 1 6 0 7 0 8 0 9 0 
6 2 1 3 0 4 0 7 0 8 0 9 0 
7 1 0 2 0 3 0 4 0 6 0 7 0 9 1 
5 3 0 4 0 5 1 6 0 8 0 
5 1 0 2 0 5 0 6 0 9 0 
6 1 0 3 0 5 0 7 0 8 0 9 0 
7 2 0 3 0 4 0 6 0 7 0 8 1 9 0 
5 2 0 4 0 5 1 6 0 7 0 
7 1 0 2 0 3 0 4 0 7 0 8 0 9 0 
4 1 0 3 0 4 0 9 1 
3 1 0 2 1 5 0 
5 1 0 2 0 3 0 5 0 8 0 
4 1 0 5 0 8 0 9 0 
3 4 0 5 0 8 0 
9
50
2 2 0 6 0 
4 3 0 7 0 8 0 9 0 
9 1 0 2 0 3 0 4 0 5 0 6 0 7 0 8 0 9 0 
6 1 0 2 1 3 0 5 0 7 0 9 0 
4 1 0 3 0 4 0 7 0 
2 7 0 8 0 
7 1 0 2 0 3 0 6 0 7 0 8 0 9 0 
3 7 0 8 0 9 0 
3 3 0 6 0 7 0 
8 1 0 2 0 4 0 5 0 6 0 7 0 8 0 9 0 
7 1 0 2 0 4 0 5 0 7 0 8 0 9 0 
3 3 0 6 0 9 0 
5 1 0 5 0 6 0 7 0 8 0 
9 1 0 2 0 3 0 4 1 5 0 6 0 7 0 8 0 9 0 
9 1 0 2 0 3 0 4 0 5 0 6 0 7 0 8 0 9 0 
5 2 0 3 0 4 0 6 0 7 0 
6 2 0 5 0 6 0 7 0 8 0 9 0 
8 2 1 3 0 4 0 5 0 6 0 7 0 8 0 9 0 
9 1 1 2 0 3 0 4 0 5 0 6 0 7 0 8 0 9 0 
7 2 0 4 0 5 0 6 0 7 0 8 1 9 0 
7 2 0 4 0 5 1 6 0 7 0 8 0 9 0 
5 3 0 6 0 7 0 8 0 9 0 
2 3 0 7 0 
1 7 0 
4 1 0 7 0 8 1 9 0 
4 4 0 5 0 7 1 9 0 
5 1 0 2 0 5 0 6 0 8 0 
7 2 0 4 0 5 1 6 0 7 0 8 0 9 0 
5 1 0 4 0 6 0 7 0 9 1 
1 4 0 
5 1 0 3 0 4 0 6 0 7 1 
8 1 0 2 0 3 0 4 1 6 0 7 0 8 0 9 0 
1 8 0 
4 4 0 6 0 7 0 9 0 
7 1 0 2 1 3 0 4 0 6 0 7 0 8 0 
1 5 0 
3 2 0 3 0 9 0 
3 1 0 6 0 7 1 
6 1 0 3 0 4 0 5 0 6 0 7 0 
7 1 0 2 0 4 0 5 0 6 0 7 1 8 0 
2 1 0 5 0 
6 2 0 3 0 4 0 5 0 6 0 7 0 
3 1 0 4 0 7 0 
3 3 1 7 0 9 0 
9 1 0 2 0 3 0 4 0 5 0 6 1 7 0 8 0 9 0 
4 1 0 2 0 3 0 8 0 
1 5 0 
2 4 0 5 0 
7 1 0 2 0 3 0 5 0 6 0 7 0 8 0 
1 9 0 
2
55
1 1 0 
2 1 0 2 0 
1 1 0 
1 1 0 
2 1 0 2 0 
1 2 0 
1 2 0 
2 1 0 2 0 
1 2 0 
1 1 0 
1 2 0 
2 1 0 2 0 
1 1 0 
1 1 0 
1 1 0 
2 1 0 2 0 
1 2 0 
1 1 0 
1 2 0 
2 1 0 2 0 
1 1 0 
2 1 0 2 0 
1 1 0 
1 1 0 
2 1 0 2 0 
1 2 1 
1 2 0 
2 1 0 2 0 
2 1 0 2 0 
2 1 0 2 0 
1 1 0 
2 1 0 2 0 
1 1 0 
1 2 0 
1 2 0 
1 2 0 
1 1 0 
2 1 0 2 0 
1 2 0 
2 1 1 2 0 
1 2 0 
2 1 0 2 1 
2 1 1 2 0 
2 1 0 2 0 
2 1 0 2 0 
2 1 0 2 1 
1 1 0 
2 1 0 2 0 
1 2 0 
2 1 0 2 0 
1 1 0 
1 2 0 
1 2 0 
2 1 0 2 0 
2 1 0 2 0 
8
61
1 4 0 
5 1 0 2 0 5 0 6 0 8 0 
4 2 0 4 0 7 0 8 0 
5 1 0 2 0 4 0 7 0 8 0 
4 2 0 3 0 4 0 7 0 
2 4 0 6 1 
6 2 0 3 0 4 0 5 0 6 0 8 0 
4 1 0 2 1 3 0 8 0 
1 2 0 
4 2 0 4 0 6 0 7 0 
4 1 0 2 0 6 0 7 1 
5 1 0 2 0 3 0 7 0 8 0 
2 7 0 8 0 
8 1 0 2 0 3 0 4 0 5 0 6 1 7 0 8 0 
2 4 0 5 0 
7 1 0 2 0 3 0 4 0 5 0 7 1 8 0 
4 1 0 4 0 5 0 8 0 
8 1 0 2 0 3 0 4 0 5 0 6 1 7 0 8 0 
3 2 0 7 0 8 0 
1 7 0 
7 1 0 2 0 3 0 4 0 5 0 6 1 8 0 
2 5 0 8 0 
6 1 0 4 1 5 0 6 0 7 0 8 0 
7 1 1 3 0 4 0 5 0 6 0 7 0 8 0 
5 2 0 3 0 4 0 5 0 8 0 
4 3 0 4 0 5 1 7 0 
6 2 1 3 0 4 0 5 0 6 0 8 0 
2 4 0 5 0 
4 2 0 3 0 4 0 7 0 
7 1 0 3 0 4 0 5 0 6 0 7 0 8 0 
7 1 0 2 0 3 0 4 0 5 0 7 0 8 0 
2 1 0 6 0 
3 3 0 5 0 7 0 
8 1 0 2 0 3 0 4 0 5 0 6 0 7 0 8 0 
4 1 0 6 0 7 0 8 0 
5 2 0 4 0 6 0 7 0 8 0 
1 3 0 
2 4 1 8 0 
7 1 0 2 0 3 0 4 0 5 0 6 0 7 0 
4 3 0 5 0 6 0 8 0 
2 3 0 8 0 
8 1 0 2 0 3 0 4 0 5 0 6 0 7 0 8 1 
1 5 0 
5 2 0 3 0 5 0 6 0 7 0 
6 2 0 3 0 4 0 5 0 6 0 7 0 
8 1 0 2 0 3 0 4 0 5 0 6 0 7 0 8 1 
5 1 0 3 0 5 0 6 0 7 1 
5 1 0 2 0 3 0 4 0 8 0 
7 1 0 2 0 3 1 4 0 5 0 7 0 8 0 
5 1 0 2 0 4 0 6 0 8 0 
6 1 0 2 0 3 0 4 0 5 0 8 0 
6 1 0 2 0 5 0 6 0 7 0 8 0 
6 2 0 3 0 4 0 6 0 7 1 8 0 
7 1 0 2 0 4 0 5 0 6 1 7 0 8 0 
6 1 1 2 0 3 0 6 0 7 0 8 0 
7 1 0 2 0 4 0 5 0 6 0 7 0 8 0 
2 3 0 7 0 
7 1 0 2 0 3 0 4 0 5 0 7 0 8 0 
3 1 0 4 0 8 1 
3 5 0 6 0 7 0 
3 1 0 3 0 4 0 
10
38
2 2 0 7 0 
4 2 0 3 0 7 0 10 0 
8 2 0 3 0 5 0 6 0 7 0 8 0 9 0 10 0 
6 1 0 4 0 5 0 6 0 8 0 9 0 
6 5 0 6 0 7 0 8 0 9 0 10 0 
3 6 0 7 0 10 0 
2 3 0 8 0 
3 3 0 6 0 8 0 
9 1 0 2 0 3 0 4 0 5 0 6 0 7 0 8 0 10 0 
1 7 0 
4 5 0 7 0 8 1 9 0 
10 1 0 2 0 3 0 4 0 5 0 6 0 7 0 8 0 9 0 10 0 
1 10 0 
3 1 0 2 0 10 0 
6 1 0 3 0 4 0 5 1 7 0 8 0 
3 1 0 2 1 5 0 
2 3 0 5 0 
3 2 1 6 0 9 0 
5 1 1 3 0 4 0 8 0 10 0 
1 1 0 
5 2 0 3 0 7 0 8 0 9 0 
4 1 0 2 0 5 0 8 0 
8 2 0 3 0 4 0 5 0 6 0 7 0 8 0 10 0 
8 2 0 3 0 4 0 5 0 6 0 8 0 9 0 10 0 
5 4 0 7 0 8 0 9 0 10 1 
5 1 0 3 0 4 0 6 0 10 0 
5 1 0 3 0 7 0 8 0 10 0 
9 1 0 3 0 4 1 5 0 6 0 7 0 8 0 9 0 10 0 
6 2 0 3 0 5 0 7 0 8 0 9 0 
2 5 0 7 0 
3 1 0 6 0 7 0 
9 2 0 3 0 4 0 5 0 6 1 7 0 8 0 9 0 10 0 
1 1 0 
3 4 0 8 0 9 0 
5 1 0 5 0 6 0 8 0 10 0 
6 2 0 3 0 4 1 5 0 7 0 9 0 
3 1 0 3 0 4 0 
7 1 0 3 0 5 0 6 0 7 0 8 0 10 1 
10
60
1 4 0 
1 6 0 
6 2 0 3 0 4 0 5 0 7 0 10 0 
1 2 0 
4 2 0 4 0 5 1 8 0 
7 1 0 2 0 3 0 5 0 7 0 8 0 10 0 
1 5 0 
9 1 0 2 1 3 0 5 0 6 0 7 0 8 0 9 0 10 0 
7 2 0 3 0 4 0 5 0 6 0 7 0 8 0 
3 1 0 5 0 6 0 
4 2 0 3 0 7 0 9 1 
8 1 1 2 0 3 0 4 0 6 0 7 0 9 0 10 0 
3 2 0 3 0 7 0 
9 1 0 2 0 3 0 4 0 5 0 7 0 8 0 9 0 10 0 
7 2 0 3 0 4 0 5 0 7 0 8 0 9 0 
6 2 0 3 0 5 0 7 0 9 0 10 1 
6 1 1 4 0 5 0 6 0 7 0 8 0 
9 1 0 2 0 3 0 4 0 5 0 6 0 7 0 8 1 9 0 
1 8 0 
8 1 0 2 0 3 0 4 0 5 0 8 0 9 0 10 1 
9 1 0 2 0 3 0 5 0 6 0 7 0 8 0 9 0 10 0 
9 1 0 2 0 3 0 4 1 5 0 7 0 8 0 9 0 10 0 
7 2 0 5 0 6 0 7 0 8 0 9 0 10 1 
10 1 0 2 0 3 0 4 0 5 0 6 0 7 0 8 0 9 0 10 1 
7 1 0 3 0 5 0 6 0 7 0 9 0 10 0 
5 1 0 2 0 4 0 5 0 7 0 
3 3 1 7 0 10 0 
6 2 0 4 0 5 0 7 0 9 0 10 0 
10 1 0 2 0 3 0 4 0 5 0 6 0 7 0 8 0 9 0 10 0 
10 1 1 2 0 3 0 4 0 5 0 6 0 7 0 8 0 9 0 10 0 
1 1 0 
5 3 0 4 0 5 0 8 1 10 0 
5 2 0 3 0 5 1 6 0 9 0 
4 3 0 4 0 6 0 9 0 
6 1 0 3 0 4 0 7 0 8 0 10 0 
9 1 0 2 1 4 0 5 0 6 0 7 0 8 0 9 0 10 0 
7 1 0 4 0 5 0 6 0 7 0 9 0 10 0 
7 1 0 2 0 3 0 5 0 6 0 8 0 10 0 
8 1 1 2 0 3 0 4 0 6 0 7 0 8 0 9 0 
1 10 0 
7 2 0 4 0 5 1 7 0 8 0 9 0 10 0 
7 1 0 2 0 3 0 5 0 7 0 9 0 10 0 
10 1 0 2 0 3 0 4 0 5 0 6 0 7 0 8 0 9 0 10 0 
8 1 0 2 0 4 0 5 0 6 0 7 0 8 0 9 0 
1 5 0 
10 1 0 2 0 3 0 4 0 5 0 6 0 7 0 8 0 9 0 10 0 
7 1 0 2 0 3 0 4 0 5 0 7 0 8 1 
10 1 0 2 0 3 0 4 0 5 0 6 0 7 0 8 0 9 0 10 0 
9 1 1 2 0 3 0 4 0 5 0 6 0 7 0 8 0 9 0 
3 2 0 5 1 10 0 
4 1 0 2 0 5 0 8 0 
8 1 0 2 0 3 0 4 0 7 0 8 0 9 0 10 0 
5 1 0 4 0 5 0 6 0 7 0 
5 5 0 6 0 7 0 8 0 10 0 
6 1 0 2 0 5 0 7 0 8 0 9 0 
1 5 0 
3 2 0 6 0 7 0 
4 2 0 6 0 7 0 10 1 
3 1 0 4 0 9 0 
10 1 0 2 0 3 0 4 0 5 0 6 0 7 0 8 0 9 0 10 0 
9
54
8 1 0 2 0 3 0 4 0 5 0 6 0 8 0 9 0 
9 1 0 2 0 3 0 4 0 5 0 6 0 7 0 8 0 9 0 
1 8 0 
5 1 0 4 0 6 0 8 0 9 0 
7 1 0 2 0 3 0 5 0 6 1 7 0 9 0 
6 1 0 4 1 5 0 6 0 7 0 9 0 
1 4 0 
6 1 0 2 0 3 0 5 0 6 0 7 0 
7 2 0 3 0 5 0 6 0 7 0 8 0 9 0 
1 5 1 
7 2 0 3 0 4 0 6 0 7 0 8 1 9 0 
9 1 0 2 0 3 0 4 0 5 0 6 0 7 0 8 0 9 0 
2 5 1 9 0 
8 1 1 2 0 3 0 4 0 5 0 6 0 8 0 9 0 
1 6 1 
4 2 0 3 0 8 0 9 0 
9 1 0 2 0 3 0 4 0 5 0 6 1 7 0 8 0 9 0 
9 1 0 2 0 3 0 4 1 5 0 6 0 7 0 8 0 9 0 
9 1 0 2 0 3 0 4 0 5 0 6 0 7 0 8 0 9 0 
6 1 0 2 0 6 0 7 0 8 0 9 1 
3 1 0 4 0 7 0 
4 1 0 4 0 6 0 8 0 
6 1 0 2 0 3 0 7 0 8 0 9 0 
3 2 0 6 0 9 0 
9 1 0 2 0 3 0 4 0 5 0 6 0 7 0 8 1 9 0 
4 2 1 5 0 8 0 9 0 
2 1 0 2 0 
5 1 0 2 0 4 0 6 0 7 0 
7 1 0 2 0 3 0 4 0 7 0 8 1 9 0 
6 2 1 3 0 4 0 5 0 6 0 8 0 
7 1 0 2 0 3 0 5 0 7 0 8 0 9 0 
5 2 0 3 0 5 0 6 0 8 0 
6 1 0 2 0 4 0 6 0 8 0 9 0 
1 4 0 
8 1 0 2 1 3 0 4 0 5 0 6 0 8 0 9 0 
2 1 0 3 0 
4 4 0 5 0 6 0 7 0 
3 1 0 8 0 9 0 
8 1 0 2 0 3 0 4 0 5 0 6 0 8 0 9 0 
5 1 0 3 0 7 1 8 0 9 0 
8 1 0 2 0 3 0 5 1 6 0 7 0 8 0 9 0 
9 1 0 2 0 3 1 4 0 5 0 6 0 7 0 8 0 9 0 
7 1 0 2 0 3 0 4 0 6 0 8 0 9 0 
3 3 0 4 0 8 0 
4 5 0 6 0 8 0 9 0 
1 7 0 
4 3 0 6 0 8 0 9 0 
3 3 0 7 0 8 0 
3 4 0 5 0 9 0 
5 2 0 4 0 6 0 8 0 9 0 
3 3 0 4 0 8 0 
6 1 0 2 0 3 0 4 0 8 0 9 0 
5 1 0 5 1 6 0 8 0 9 0 
7 1 0 4 0 5 0 6 0 7 0 8 1 9 0 
2
28
2 1 0 2 0 
1 2 0 
1 1 0 
1 1 0 
1 2 0 
1 1 0 
2 1 0 2 0 
1 1 0 
1 2 0 
2 1 0 2 0 
1 1 0 
2 1 0 2 0 
1 1 0 
1 1 1 
2 1 0 2 0 
1 2 0 
2 1 0 2 0 
2 1 0 2 0 
1 1 0 
2 1 0 2 1 
1 1 0 
1 1 0 
1 1 0 
1 1 0 
2 1 0 2 0 
1 2 1 
2 1 0 2 0 
1 2 0 
10
3
7 1 0 2 0 4 0 5 0 6 0 7 0 10 0 
9 1 1 2 0 3 0 4 0 5 0 6 0 7 0 8 0 10 0 
1 9 0 
1
54
1 1 0 
1 1 0 
1 1 0 
1 1 0 
1 1 0 
1 1 0 
1 1 1 
1 1 0 
1 1 0 
1 1 0 
1 1 0 
1 1 0 
1 1 0 
1 1 0 
1 1 0 
1 1 0 
1 1 0 
1 1 0 
1 1 0 
1 1 1 
1 1 0 
1 1 0 
1 1 0 
1 1 0 
1 1 0 
1 1 0 
1 1 0 
1 1 0 
1 1 0 
1 1 1 
1 1 0 
1 1 0 
1 1 0 
1 1 0 
1 1 0 
1 1 0 
1 1 0 
1 1 0 
1 1 0 
1 1 0 
1 1 0 
1 1 0 
1 1 0 
1 1 0 
1 1 0 
1 1 0 
1 1 0 
1 1 0 
1 1 0 
1 1 0 
1 1 0 
1 1 0 
1 1 0 
1 1 0 
6
64
5 1 0 3 0 4 0 5 0 6 1 
6 1 0 2 0 3 0 4 0 5 0 6 0 
4 1 1 4 0 5 0 6 0 
4 1 0 2 0 3 0 5 0 
5 1 0 2 0 3 0 4 0 5 0 
5 1 0 2 0 4 0 5 0 6 0 
2 5 0 6 0 
3 2 0 5 0 6 0 
4 1 0 3 0 4 0 5 0 
5 2 0 3 0 4 1 5 0 6 0 
4 1 0 3 0 4 0 5 0 
3 1 0 2 0 3 0 
1 6 1 
6 1 0 2 0 3 0 4 0 5 0 6 0 
3 3 0 4 0 5 0 
4 1 0 2 0 3 0 5 0 
2 4 0 6 0 
6 1 0 2 0 3 0 4 0 5 1 6 0 
4 2 0 3 0 4 0 6 0 
6 1 0 2 0 3 0 4 0 5 0 6 0 
6 1 0 2 0 3 0 4 0 5 0 6 0 
2 2 0 4 0 
5 1 0 2 0 3 0 4 0 5 0 
1 4 0 
5 1 0 2 0 3 0 4 0 6 1 
5 1 0 2 0 3 1 4 0 5 0 
3 1 0 3 0 4 0 
5 1 0 3 0 4 0 5 0 6 0 
6 1 0 2 0 3 0 4 0 5 0 6 0 
2 5 0 6 0 
3 1 0 2 0 6 0 
3 3 1 4 0 6 0 
2 1 0 4 0 
5 1 0 2 0 4 1 5 0 6 0 
3 2 0 4 0 6 0 
6 1 0 2 1 3 0 4 0 5 0 6 0 
5 1 0 2 0 3 0 4 0 5 0 
5 1 0 3 0 4 0 5 0 6 0 
3 3 0 5 0 6 0 
1 2 0 
3 2 0 3 1 4 0 
3 1 0 4 0 6 0 
6 1 0 2 0 3 0 4 0 5 0 6 0 
1 1 0 
6 1 0 2 0 3 0 4 0 5 0 6 0 
3 4 0 5 0 6 0 
1 6 0 
2 2 0 3 0 
1 3 0 
5 2 0 3 0 4 1 5 0 6 0 
4 1 0 2 0 3 0 4 0 
6 1 0 2 0 3 0 4 0 5 0 6 0 
4 1 0 3 0 4 1 5 0 
3 2 0 3 0 5 0 
1 6 0 
1 6 1 
3 3 0 4 0 5 0 
4 2 0 4 0 5 0 6 0 
1 6 0 
1 6 0 
4 2 0 4 0 5 0 6 0 
6 1 0 2 0 3 0 4 0 5 1 6 0 
1 4 0 
4 1 0 2 0 3 0 5 0 
7
86
5 1 0 3 0 4 0 6 0 7 0 
7 1 0 2 0 3 1 4 0 5 0 6 0 7 0 
2 1 0 7 0 
3 2 0 3 0 6 1 
3 1 0 5 0 6 0 
2 3 0 6 0 
5 1 0 3 0 4 0 6 1 7 0 
4 1 0 3 0 4 1 5 0 
7 1 0 2 0 3 0 4 0 5 0 6 0 7 0 
7 1 0 2 0 3 0 4 1 5 0 6 0 7 0 
5 1 1 2 0 3 0 4 0 7 0 
1 3 0 
7 1 0 2 0 3 0 4 0 5 0 6 0 7 0 
7 1 0 2 0 3 0 4 0 5 0 6 0 7 0 
7 1 0 2 0 3 0 4 0 5 0 6 0 7 1 
7 1 0 2 0 3 0 4 0 5 0 6 0 7 0 
2 2 0 3 0 
5 1 0 3 0 4 0 5 0 7 0 
4 1 0 2 0 6 0 7 0 
2 4 0 5 0 
5 1 0 2 0 3 0 4 0 7 0 
5 2 0 4 0 5 0 6 0 7 0 
7 1 0 2 0 3 0 4 0 5 0 6 0 7 0 
5 1 0 2 0 4 0 5 0 7 0 
5 1 0 2 0 3 0 4 0 6 0 
6 1 0 2 0 3 0 4 0 6 0 7 0 
1 6 0 
5 1 1 2 0 4 0 6 0 7 0 
5 1 0 2 0 3 0 4 0 7 0 
3 1 0 2 0 6 0 
4 1 0 3 0 4 0 7 0 
1 3 0 
7 1 1 2 0 3 0 4 0 5 0 6 0 7 0 
1 4 0 
4 2 0 4 0 6 0 7 0 
3 2 0 3 0 4 0 
4 1 0 3 0 4 0 5 0 
2 1 0 2 1 
5 1 0 2 0 3 0 5 0 6 0 
6 1 0 2 0 3 1 4 0 5 0 7 0 
5 1 0 2 0 3 0 6 0 7 0 
5 1 0 2 0 3 0 4 0 6 0 
2 2 0 5 0 
7 1 0 2 0 3 0 4 0 5 0 6 0 7 0 
3 1 0 2 0 7 0 
1 3 0 
2 1 0 2 0 
3 2 0 4 0 5 0 
4 1 1 2 0 3 0 5 0 
7 1 0 2 0 3 0 4 1 5 0 6 0 7 0 
1 2 0 
4 2 0 3 0 5 0 6 0 
2 4 0 7 0 
3 1 0 3 0 7 0 
6 1 0 2 0 3 0 4 0 5 0 6 0 
3 1 0 3 0 7 0 
5 1 0 2 0 3 0 6 0 7 0 
7 1 0 2 1 3 0 4 0 5 0 6 0 7 0 
3 2 0 4 0 6 0 
5 1 1 3 0 4 0 5 0 6 0 
3 1 0 3 0 7 1 
3 1 0 2 0 3 0 
4 2 0 4 0 5 0 7 0 
5 2 0 3 0 4 0 5 0 7 0 
1 2 0 
2 1 0 6 0 
6 2 0 3 0 4 0 5 0 6 0 7 0 
6 1 0 2 0 3 0 5 0 6 0 7 0 
6 1 0 2 0 3 1 4 0 6 0 7 0 
1 7 0 
4 1 0 3 0 4 0 6 1 
3 1 0 2 0 7 0 
7 1 0 2 0 3 0 4 0 5 0 6 0 7 0 
1 5 0 
6 2 0 3 0 4 0 5 0 6 0 7 0 
3 3 0 5 0 7 0 
5 1 0 2 0 3 0 6 0 7 0 
5 1 0 3 0 4 0 5 0 7 0 
1 2 0 
2 2 0 3 1 
2 3 0 4 0 
1 1 0 
1 6 0 
2 1 0 7 0 
6 2 0 3 0 4 0 5 0 6 0 7 0 
4 1 0 2 0 4 0 5 0 
8
54
7 1 0 2 0 3 0 4 0 5 0 6 0 8 1 
7 1 0 2 0 3 0 4 0 5 0 6 0 7 0 
8 1 0 2 0 3 0 4 0 5 0 6 0 7 0 8 0 
6 1 0 2 0 3 0 6 0 7 1 8 0 
3 1 0 7 0 8 0 
1 4 0 
1 2 0 
2 7 0 8 0 
7 1 1 2 0 3 0 4 0 5 0 6 0 7 0 
6 1 0 2 0 3 0 4 0 6 0 7 0 
8 1 0 2 0 3 1 4 0 5 0 6 0 7 0 8 0 
3 1 0 7 0 8 0 
6 2 0 3 0 4 0 5 0 6 0 7 0 
8 1 0 2 0 3 0 4 0 5 0 6 1 7 0 8 0 
5 3 0 4 0 5 0 7 0 8 0 
5 1 0 2 1 4 0 5 0 7 0 
3 2 1 4 0 7 0 
2 2 0 5 0 
7 1 0 2 0 4 0 5 0 6 0 7 0 8 0 
4 1 0 3 0 4 0 7 0 
6 1 0 2 0 3 0 4 0 5 0 7 0 
8 1 0 2 0 3 0 4 0 5 0 6 0 7 0 8 1 
5 1 0 2 1 5 0 6 0 8 0 
2 1 0 2 0 
1 4 0 
7 1 0 2 0 3 0 4 0 5 0 6 0 8 0 
8 1 0 2 0 3 0 4 0 5 0 6 0 7 1 8 0 
2 3 0 8 0 
6 1 0 2 0 5 1 6 0 7 0 8 0 
5 2 0 4 0 6 0 7 0 8 0 
4 4 0 6 0 7 0 8 0 
3 1 0 4 0 6 0 
3 2 0 5 0 8 0 
7 2 0 3 0 4 0 5 0 6 0 7 0 8 0 
7 1 0 2 0 3 0 4 0 5 0 7 0 8 0 
8 1 0 2 0 3 0 4 0 5 0 6 1 7 0 8 0 
6 1 0 2 0 3 0 4 0 5 0 6 0 
6 2 0 3 1 4 0 5 0 7 0 8 0 
5 2 0 4 0 5 0 6 0 8 0 
4 1 0 3 0 4 0 7 0 
2 1 0 4 0 
1 2 0 
6 1 0 3 0 4 0 5 0 6 0 8 0 
3 1 1 6 0 8 0 
5 1 0 2 0 3 0 7 0 8 0 
2 7 0 8 0 
2 3 0 5 0 
7 1 0 2 0 3 0 4 0 5 0 7 0 8 0 
5 1 0 5 0 6 0 7 0 8 0 
7 1 0 2 0 4 0 5 0 6 1 7 0 8 0 
5 1 0 2 0 3 0 6 0 8 0 
8 1 0 2 0 3 1 4 0 5 0 6 0 7 0 8 0 
1 2 1 
2 5 0 8 0 
3
84
2 1 0 2 0 
1 3 0 
3 1 1 2 0 3 0 
3 1 0 2 0 3 0 
2 2 0 3 0 
1 1 0 
1 1 0 
3 1 0 2 0 3 0 
1 3 0 
3 1 0 2 0 3 0 
1 2 0 
2 2 0 3 0 
3 1 0 2 0 3 0 
1 2 0 
2 1 1 3 0 
1 3 0 
2 1 0 3 0 
3 1 0 2 0 3 0 
3 1 0 2 0 3 0 
2 2 0 3 0 
3 1 0 2 0 3 0 
2 1 0 2 0 
2 1 0 3 0 
3 1 1 2 0 3 0 
2 1 0 3 0 
1 3 0 
2 1 0 3 0 
2 2 1 3 0 
3 1 0 2 0 3 0 
3 1 0 2 0 3 0 
2 1 0 2 0 
1 2 0 
3 1 0 2 0 3 0 
2 1 1 3 0 
2 1 0 3 0 
1 3 0 
2 1 0 3 0 
1 1 1 
3 1 0 2 0 3 0 
1 3 0 
1 2 0 
3 1 0 2 0 3 0 
3 1 0 2 0 3 0 
3 1 0 2 0 3 0 
2 1 0 2 0 
1 2 0 
1 2 0 
3 1 0 2 0 3 0 
1 1 0 
1 3 1 
1 2 0 
2 1 0 3 0 
2 1 0 2 0 
1 2 0 
1 2 0 
3 1 0 2 0 3 0 
1 3 0 
3 1 0 2 0 3 0 
2 1 0 2 0 
2 1 0 3 0 
1 3 0 
1 1 0 
3 1 0 2 0 3 0 
1 1 0 
3 1 0 2 0 3 0 
3 1 0 2 0 3 1 
2 1 1 2 0 
2 1 0 2 0 
1 3 0 
1 1 0 
3 1 0 2 0 3 1 
3 1 0 2 0 3 0 
3 1 0 2 0 3 0 
1 3 1 
1 3 0 
1 3 0 
3 1 0 2 0 3 0 
2 1 0 2 0 
2 1 0 2 0 
1 2 0 
1 1 0 
1 2 0 
1 3 0 
3 1 0 2 0 3 0 
10
11
6 3 0 4 0 5 0 6 0 7 0 10 0 
2 1 0 3 1 
6 1 0 3 0 4 0 7 1 8 0 10 0 
10 1 0 2 1 3 0 4 0 5 0 6 0 7 0 8 0 9 0 10 0 
1 9 0 
2 3 0 5 0 
9 1 0 2 1 3 0 4 0 5 0 6 0 7 0 9 0 10 0 
1 5 0 
9 1 0 2 0 3 0 4 0 6 0 7 0 8 0 9 0 10 1 
4 4 0 5 0 6 0 10 0 
8 1 0 2 0 3 0 4 0 5 0 7 0 8 0 9 1 
6
93
4 1 0 2 0 4 0 5 0 
4 2 0 3 0 4 0 5 0 
3 2 0 3 0 6 0 
2 4 0 6 0 
3 2 0 3 0 4 0 
6 1 0 2 0 3 0 4 0 5 0 6 1 
6 1 0 2 0 3 0 4 0 5 0 6 1 
1 5 0 
6 1 0 2 0 3 0 4 0 5 0 6 0 
2 1 0 6 0 
6 1 0 2 0 3 1 4 0 5 0 6 0 
5 1 0 2 0 3 0 4 0 6 0 
6 1 0 2 0 3 0 4 1 5 0 6 0 
5 2 0 3 0 4 0 5 0 6 0 
1 5 0 
3 4 0 5 0 6 0 
6 1 0 2 0 3 0 4 0 5 1 6 0 
5 1 0 2 0 3 0 4 0 5 0 
2 2 0 5 0 
1 2 0 
6 1 0 2 0 3 0 4 0 5 1 6 0 
5 1 0 2 0 3 0 4 0 5 1 
3 2 0 4 0 5 0 
4 2 0 4 0 5 0 6 0 
1 3 0 
4 2 1 3 0 5 0 6 0 
6 1 0 2 0 3 0 4 0 5 1 6 0 
5 1 0 2 0 4 1 5 0 6 0 
2 2 0 5 0 
4 1 0 2 0 3 0 5 0 
1 5 0 
2 2 0 4 0 
5 1 0 2 0 3 0 4 0 6 0 
6 1 0 2 1 3 0 4 0 5 0 6 0 
1 2 0 
5 2 0 3 0 4 0 5 1 6 0 
6 1 1 2 0 3 0 4 0 5 0 6 0 
5 1 0 2 0 3 0 4 0 5 0 
2 2 0 4 1 
3 1 0 2 0 6 1 
2 2 0 6 0 
3 2 0 3 0 4 0 
5 1 0 2 0 3 0 4 0 6 0 
2 3 0 4 0 
2 4 0 5 0 
5 1 0 3 0 4 0 5 0 6 0 
1 6 1 
5 1 0 3 0 4 0 5 0 6 0 
2 3 0 4 0 
2 1 0 5 0 
6 1 0 2 1 3 0 4 0 5 0 6 0 
3 1 0 4 0 5 1 
1 4 0 
4 2 0 3 0 5 0 6 0 
5 1 1 2 0 3 0 4 0 5 0 
2 2 0 5 0 
6 1 0 2 0 3 0 4 1 5 0 6 0 
6 1 0 2 0 3 0 4 0 5 0 6 0 
4 1 0 2 0 5 1 6 0 
5 1 0 2 0 3 0 5 0 6 0 
2 1 0 3 0 
3 2 0 3 0 4 0 
5 2 0 3 0 4 0 5 0 6 0 
5 1 0 2 1 4 0 5 0 6 0 
5 1 1 2 0 4 0 5 0 6 0 
5 1 0 3 0 4 0 5 0 6 0 
6 1 0 2 0 3 0 4 0 5 0 6 0 
5 1 0 3 0 4 0 5 0 6 0 
1 1 0 
4 1 0 2 0 3 0 5 0 
1 6 0 
2 2 0 6 1 
5 1 0 2 1 3 0 4 0 6 0 
2 4 0 5 0 
2 2 0 4 0 
5 2 0 3 0 4 0 5 0 6 0 
2 1 0 2 1 
4 1 0 3 0 4 0 5 0 
6 1 0 2 0 3 0 4 0 5 0 6 0 
5 1 0 2 0 3 0 4 0 5 0 
2 1 1 3 0 
1 5 0 
5 2 0 3 0 4 0 5 0 6 0 
1 2 0 
3 1 0 3 0 5 0 
5 1 0 2 0 3 0 5 0 6 0 
3 1 0 5 0 6 0 
1 1 0 
5 1 1 2 0 4 0 5 0 6 0 
4 2 0 4 0 5 0 6 0 
2 4 0 6 0 
2 3 0 4 0 
3 2 0 4 1 6 0 
2
67
1 1 0 
2 1 1 2 0 
2 1 0 2 1 
2 1 0 2 0 
2 1 0 2 0 
2 1 0 2 0 
1 2 0 
2 1 0 2 0 
2 1 0 2 0 
2 1 0 2 0 
2 1 0 2 0 
1 2 0 
2 1 0 2 0 
2 1 0 2 0 
2 1 0 2 0 
1 1 0 
1 2 0 
2 1 1 2 0 
2 1 0 2 0 
1 2 0 
1 2 0 
1 1 0 
1 2 0 
1 2 0 
2 1 0 2 0 
2 1 0 2 1 
1 2 0 
1 1 0 
2 1 0 2 0 
1 2 1 
2 1 1 2 0 
2 1 0 2 0 
1 2 0 
1 1 0 
1 2 0 
1 2 0 
1 1 1 
1 1 0 
1 2 0 
1 1 0 
2 1 0 2 0 
2 1 0 2 0 
2 1 0 2 0 
2 1 1 2 0 
1 1 0 
1 1 0 
2 1 0 2 0 
2 1 0 2 0 
2 1 0 2 0 
1 1 0 
2 1 0 2 0 
1 2 1 
1 2 0 
2 1 0 2 0 
2 1 0 2 0 
2 1 0 2 0 
1 1 1 
2 1 0 2 0 
2 1 1 2 0 
1 1 0 
2 1 0 2 0 
1 1 0 
1 1 1 
2 1 0 2 0 
2 1 0 2 0 
2 1 0 2 0 
2 1 0 2 0 
7
50
5 1 0 3 0 4 0 6 0 7 0 
5 1 0 3 0 4 0 5 0 6 1 
1 2 1 
7 1 0 2 0 3 0 4 0 5 0 6 0 7 0 
3 1 0 2 0 4 0 
4 1 0 2 0 5 0 6 0 
6 1 0 3 0 4 0 5 0 6 1 7 0 
6 1 0 3 0 4 0 5 0 6 1 7 0 
1 4 0 
2 2 0 7 1 
5 1 0 2 0 3 0 6 0 7 1 
6 2 0 3 0 4 0 5 0 6 0 7 0 
4 2 0 4 0 5 0 6 1 
1 4 0 
7 1 0 2 0 3 0 4 0 5 0 6 0 7 0 
3 1 0 3 0 4 0 
6 2 0 3 0 4 0 5 0 6 0 7 0 
5 1 0 3 0 5 0 6 0 7 0 
4 1 0 2 0 6 0 7 0 
2 1 0 3 0 
3 1 0 2 0 5 0 
2 5 0 7 0 
7 1 0 2 0 3 0 4 0 5 0 6 0 7 0 
4 2 0 3 1 4 0 7 0 
6 1 0 2 0 3 0 4 0 5 0 7 0 
1 3 0 
6 1 0 2 0 3 0 4 0 5 0 6 0 
1 5 0 
2 3 0 7 0 
4 2 0 3 0 4 0 6 1 
7 1 0 2 0 3 0 4 0 5 0 6 0 7 0 
2 1 0 2 0 
6 1 1 2 0 3 0 5 0 6 0 7 0 
2 1 0 5 0 
4 2 0 3 0 4 0 6 0 
6 1 0 3 1 4 0 5 0 6 0 7 0 
4 1 0 4 0 6 0 7 0 
6 1 0 2 0 4 0 5 0 6 1 7 0 
5 2 0 4 0 5 0 6 0 7 0 
3 3 0 4 0 6 0 
5 2 0 3 0 4 0 5 0 7 0 
7 1 0 2 0 3 0 4 0 5 0 6 1 7 0 
3 4 1 6 0 7 0 
5 1 0 3 0 4 0 5 0 6 0 
7 1 0 2 0 3 0 4 0 5 0 6 1 7 0 
1 5 0 
6 1 0 2 0 4 0 5 0 6 0 7 0 
7 1 1 2 0 3 0 4 0 5 0 6 0 7 0 
7 1 0 2 0 3 0 4 0 5 0 6 0 7 0 
2 5 0 7 0 
5
100
1 2 0 
4 2 0 3 0 4 0 5 1 
2 2 0 4 0 
1 2 0 
2 2 1 3 0 
3 3 0 4 0 5 0 
5 1 0 2 0 3 0 4 0 5 0 
3 2 0 4 0 5 0 
4 1 0 3 1 4 0 5 0 
4 1 0 2 0 3 0 5 0 
2 1 0 5 0 
3 2 0 4 0 5 1 
5 1 0 2 0 3 0 4 0 5 1 
1 2 0 
2 1 0 4 0 
5 1 1 2 0 3 0 4 0 5 0 
1 1 0 
2 4 0 5 0 
3 3 0 4 0 5 0 
1 3 1 
5 1 0 2 0 3 1 4 0 5 0 
1 3 0 
1 4 0 
1 1 0 
3 2 0 3 0 4 0 
5 1 0 2 0 3 0 4 0 5 1 
2 4 0 5 0 
1 3 1 
3 1 0 4 1 5 0 
2 4 0 5 0 
2 2 0 3 0 
1 5 0 
5 1 0 2 0 3 0 4 0 5 0 
2 2 0 5 0 
2 2 0 4 0 
1 4 0 
1 3 0 
4 2 0 3 0 4 0 5 0 
4 1 0 2 0 4 0 5 0 
5 1 0 2 0 3 0 4 0 5 0 
4 1 1 2 0 3 0 4 0 
1 4 0 
1 5 0 
5 1 0 2 0 3 0 4 0 5 0 
2 3 0 4 0 
4 1 0 2 0 3 1 5 0 
3 1 0 3 0 4 1 
5 1 0 2 0 3 0 4 0 5 0 
3 3 0 4 0 5 0 
4 1 0 2 0 4 0 5 0 
3 1 0 2 0 5 0 
2 3 0 5 0 
1 4 0 
2 2 1 4 0 
5 1 1 2 0 3 0 4 0 5 0 
2 1 0 2 0 
4 1 0 2 0 3 0 4 0 
2 2 0 4 0 
3 3 0 4 0 5 0 
2 1 0 3 0 
4 1 0 3 0 4 0 5 0 
4 1 1 2 0 4 0 5 0 
3 1 0 2 0 5 0 
3 1 0 2 0 3 1 
2 2 0 4 0 
2 1 0 3 0 
3 2 0 3 0 4 0 
1 5 1 
5 1 0 2 0 3 0 4 0 5 0 
3 1 0 2 0 3 0 
4 1 0 3 0 4 0 5 0 
5 1 0 2 0 3 0 4 0 5 0 
4 1 0 2 0 4 1 5 0 
2 1 0 2 0 
1 4 0 
3 1 0 2 0 3 0 
2 1 0 3 0 
2 3 0 4 0 
5 1 0 2 0 3 0 4 0 5 0 
4 1 0 2 0 3 0 4 0 
2 3 0 5 0 
4 1 0 2 0 3 0 4 0 
3 1 0 4 0 5 0 
2 1 0 4 0 
3 1 0 4 0 5 1 
3 1 0 3 0 5 1 
2 3 0 4 0 
2 1 0 4 0 
1 1 0 
5 1 0 2 0 3 0 4 0 5 0 
2 2 0 5 0 
3 1 0 2 0 3 0 
4 2 0 3 0 4 0 5 0 
4 1 0 3 0 4 0 5 1 
4 1 0 2 0 4 0 5 0 
5 1 0 2 0 3 0 4 0 5 0 
2 3 0 5 0 
2 2 0 4 0 
4 1 0 2 0 3 0 4 1 
2 3 0 5 0 
1
19
1 1 0 
1 1 0 
1 1 0 
1 1 0 
1 1 0 
1 1 0 
1 1 0 
1 1 0 
1 1 0 
1 1 1 
1 1 0 
1 1 0 
1 1 1 
1 1 0 
1 1 0 
1 1 0 
1 1 0 
1 1 0 
1 1 0 
10
53
6 5 0 6 0 7 0 8 0 9 0 10 0 
4 1 1 5 0 8 0 10 0 
6 1 0 4 0 5 0 6 0 7 0 10 0 
7 1 0 3 0 4 0 6 0 7 1 8 0 10 0 
8 1 0 3 0 5 0 6 0 7 0 8 0 9 0 10 0 
1 10 0 
5 1 0 4 0 6 0 8 0 9 0 
6 1 1 4 0 5 0 8 0 9 0 10 0 
9 1 0 2 0 3 0 4 0 5 0 6 1 7 0 8 0 10 0 
9 1 0 2 0 3 0 4 0 5 0 6 0 7 0 9 0 10 1 
3 1 0 4 0 7 0 
5 1 0 2 0 4 0 7 0 10 0 
6 2 0 3 0 5 0 6 0 8 0 10 0 
6 1 0 2 0 3 1 6 0 8 0 10 0 
6 2 0 3 0 5 0 6 0 7 0 8 0 
5 2 0 4 1 5 0 6 0 9 0 
7 1 0 2 0 4 0 5 0 7 0 8 0 9 0 
4 1 0 4 0 6 0 7 0 
6 2 0 4 0 6 0 7 0 9 0 10 0 
7 2 0 3 0 4 0 5 0 6 0 8 0 10 0 
7 1 0 4 0 5 0 6 0 8 0 9 0 10 0 
2 2 0 10 0 
4 3 1 5 0 8 0 9 0 
5 2 0 3 0 5 0 8 0 10 0 
9 1 0 2 0 3 0 4 0 5 0 6 0 7 0 8 0 10 0 
2 2 0 6 0 
3 1 0 8 0 10 0 
10 1 0 2 0 3 0 4 0 5 0 6 0 7 0 8 0 9 0 10 0 
1 4 0 
6 1 0 2 0 3 0 6 0 7 0 10 0 
4 1 0 3 0 5 0 7 0 
3 1 1 5 0 9 0 
1 7 0 
10 1 0 2 0 3 0 4 0 5 0 6 0 7 0 8 1 9 0 10 0 
10 1 0 2 0 3 0 4 0 5 0 6 0 7 0 8 0 9 0 10 0 
10 1 0 2 0 3 0 4 0 5 0 6 0 7 0 8 0 9 0 10 0 
9 1 0 2 0 3 0 4 0 6 0 7 0 8 0 9 0 10 0 
5 1 0 4 0 6 0 9 0 10 0 
7 1 0 2 0 5 0 6 1 7 0 8 0 9 0 
2 1 0 2 0 
8 1 0 2 0 3 0 5 0 6 0 7 0 8 0 9 0 
6 3 0 4 0 5 0 6 0 7 0 9 0 
1 8 0 
10 1 0 2 0 3 1 4 0 5 0 6 0 7 0 8 0 9 0 10 0 
2 2 0 5 0 
5 1 0 4 0 5 0 8 0 10 0 
8 1 0 2 0 3 0 5 0 6 0 7 0 9 1 10 0 
5 1 0 3 0 4 0 7 0 8 0 
3 2 0 4 0 10 0 
4 1 0 4 1 5 0 9 0 
2 5 0 9 0 
3 5 0 6 0 8 0 
1 9 0 
1
9
1 1 0 
1 1 0 
1 1 1 
1 1 0 
1 1 0 
1 1 0 
1 1 0 
1 1 0 
1 1 0 
4
91
1 2 0 
4 1 1 2 0 3 0 4 0 
4 1 0 2 0 3 0 4 0 
1 1 0 
4 1 0 2 0 3 0 4 1 
4 1 0 2 0 3 0 4 0 
1 1 0 
1 1 0 
3 1 0 2 0 3 0 
2 1 0 2 0 
2 1 0 3 0 
4 1 0 2 1 3 0 4 0 
4 1 0 2 0 3 0 4 0 
3 2 0 3 0 4 0 
2 1 0 3 0 
3 1 0 2 0 3 0 
1 1 0 
4 1 0 2 0 3 0 4 0 
1 2 1 
3 2 0 3 0 4 0 
2 3 1 4 0 
2 2 0 3 0 
1 1 0 
2 1 0 4 0 
3 1 0 2 1 3 0 
2 1 1 4 0 
1 3 0 
2 2 0 4 0 
2 1 0 3 0 
2 1 0 4 0 
3 1 0 2 0 3 0 
3 1 0 2 0 4 0 
4 1 0 2 0 3 0 4 1 
4 1 0 2 0 3 0 4 0 
2 1 0 2 0 
1 4 0 
4 1 0 2 0 3 0 4 0 
2 1 0 2 0 
1 4 0 
3 1 0 2 0 4 0 
3 1 0 3 0 4 0 
4 1 0 2 0 3 1 4 0 
1 4 0 
3 2 0 3 0 4 1 
4 1 0 2 0 3 0 4 0 
4 1 0 2 0 3 0 4 1 
4 1 0 2 0 3 0 4 0 
3 1 0 3 0 4 0 
1 1 1 
2 1 0 2 0 
1 3 1 
3 1 0 2 0 4 0 
4 1 0 2 0 3 1 4 0 
1 4 0 
2 2 1 3 0 
2 1 0 3 0 
4 1 0 2 0 3 0 4 0 
1 4 0 
3 1 0 3 0 4 0 
4 1 0 2 0 3 0 4 0 
1 3 0 
4 1 0 2 0 3 0 4 0 
4 1 0 2 0 3 0 4 0 
1 1 0 
3 2 1 3 0 4 0 
2 3 0 4 0 
3 1 0 2 0 4 0 
3 1 0 2 0 4 0 
3 1 0 2 0 3 0 
2 1 0 4 0 
4 1 0 2 0 3 0 4 0 
4 1 0 2 0 3 0 4 0 
1 4 0 
3 1 0 3 0 4 0 
1 4 0 
4 1 0 2 0 3 0 4 0 
2 1 0 3 1 
4 1 0 2 0 3 0 4 0 
3 1 0 2 0 3 0 
3 1 0 2 0 4 0 
2 1 1 2 0 
1 4 0 
1 2 0 
4 1 0 2 0 3 0 4 0 
1 3 0 
1 1 0 
2 1 0 2 0 
4 1 0 2 0 3 0 4 1 
2 1 0 3 0 
4 1 0 2 0 3 0 4 0 
2 2 0 4 0 
6
71
3 1 0 3 0 4 0 
1 6 0 
4 2 0 3 0 4 0 6 0 
2 4 0 6 0 
2 3 0 6 0 
1 4 0 
5 1 0 2 0 3 1 4 0 5 0 
3 3 0 4 0 6 0 
4 1 0 2 0 3 0 4 0 
4 1 1 4 0 5 0 6 0 
5 2 1 3 0 4 0 5 0 6 0 
3 1 0 2 1 6 0 
1 4 0 
5 2 0 3 0 4 0 5 0 6 0 
2 2 0 3 0 
3 1 0 2 0 6 0 
3 3 0 4 0 5 0 
4 2 0 3 0 4 1 6 0 
1 2 0 
5 1 0 2 0 4 1 5 0 6 0 
5 1 0 2 0 4 0 5 0 6 0 
3 2 0 5 0 6 0 
1 5 0 
5 1 0 2 0 3 0 4 0 6 0 
5 1 0 2 0 3 0 5 0 6 0 
1 2 0 
5 2 0 3 0 4 1 5 0 6 0 
4 1 0 2 0 4 0 5 0 
5 1 1 2 0 4 0 5 0 6 0 
2 3 1 6 0 
1 6 0 
2 1 0 2 1 
1 5 0 
3 4 0 5 0 6 0 
3 1 0 3 0 5 0 
4 1 0 3 0 4 0 6 0 
5 1 0 2 0 4 0 5 0 6 0 
6 1 0 2 0 3 0 4 0 5 0 6 1 
3 1 0 3 0 5 0 
2 4 0 5 0 
4 1 0 3 0 5 0 6 1 
1 1 0 
3 4 0 5 0 6 0 
1 5 1 
2 2 0 5 0 
5 1 0 3 0 4 0 5 0 6 0 
3 3 0 5 0 6 0 
2 2 0 6 0 
5 1 0 2 1 3 0 4 0 6 0 
4 1 0 2 0 5 0 6 1 
6 1 0 2 0 3 0 4 0 5 0 6 0 
4 1 0 2 0 5 1 6 0 
3 3 0 4 1 5 0 
3 2 0 5 0 6 0 
1 3 0 
4 1 0 3 1 4 0 5 0 
1 5 0 
2 1 0 3 0 
4 2 0 4 0 5 0 6 0 
3 3 0 5 0 6 0 
4 1 0 2 0 5 0 6 0 
1 5 0 
5 1 1 3 0 4 0 5 0 6 0 
3 1 1 4 0 5 0 
2 3 0 5 1 
1 6 0 
1 4 0 
1 6 0 
1 1 0 
2 2 1 5 0 
1 6 0 
5
35
4 1 0 3 0 4 0 5 0 
3 1 0 4 0 5 0 
1 3 0 
1 1 0 
5 1 0 2 0 3 0 4 0 5 1 
4 1 0 2 0 3 0 4 0 
3 1 0 3 0 4 0 
5 1 0 2 0 3 0 4 0 5 0 
3 2 0 3 0 5 0 
3 1 0 2 0 3 0 
4 1 0 2 0 4 1 5 0 
4 1 0 2 0 3 0 5 0 
1 4 0 
2 2 0 5 0 
1 2 0 
5 1 0 2 0 3 0 4 0 5 0 
2 2 0 4 0 
4 2 0 3 0 4 0 5 0 
1 1 0 
3 1 1 4 0 5 0 
3 1 0 3 0 4 0 
1 5 0 
5 1 0 2 0 3 0 4 0 5 0 
1 1 0 
5 1 0 2 0 3 0 4 0 5 0 
3 1 0 2 0 3 0 
1 1 0 
5 1 0 2 0 3 0 4 1 5 0 
3 3 0 4 0 5 0 
2 3 0 4 0 
4 1 1 2 0 3 0 4 0 
5 1 0 2 1 3 0 4 0 5 0 
3 3 0 4 0 5 0 
3 1 0 3 0 4 0 
1 2 0 
1
38
1 1 0 
1 1 0 
1 1 0 
1 1 0 
1 1 0 
1 1 0 
1 1 0 
1 1 0 
1 1 0 
1 1 0 
1 1 0 
1 1 0 
1 1 0 
1 1 0 
1 1 0 
1 1 0 
1 1 0 
1 1 0 
1 1 0 
1 1 0 
1 1 1 
1 1 0 
1 1 0 
1 1 0 
1 1 0 
1 1 0 
1 1 0 
1 1 0 
1 1 0 
1 1 0 
1 1 0 
1 1 0 
1 1 0 
1 1 0 
1 1 0 
1 1 0 
1 1 0 
1 1 0 
2
59
1 2 0 
2 1 0 2 0 
2 1 0 2 0 
1 2 0 
1 1 0 
1 2 0 
1 1 0 
2 1 0 2 0 
1 1 0 
2 1 0 2 0 
2 1 0 2 0 
2 1 1 2 0 
2 1 0 2 0 
2 1 0 2 0 
1 1 0 
1 1 0 
2 1 0 2 0 
1 2 0 
2 1 0 2 1 
2 1 0 2 0 
1 2 0 
1 2 0 
2 1 0 2 0 
1 2 0 
2 1 0 2 1 
1 1 0 
2 1 0 2 0 
1 2 0 
1 1 1 
1 2 0 
1 1 0 
2 1 0 2 0 
2 1 0 2 0 
2 1 0 2 0 
1 2 0 
1 1 0 
2 1 0 2 0 
1 1 0 
1 2 0 
2 1 0 2 0 
1 1 0 
2 1 0 2 0 
2 1 0 2 0 
2 1 0 2 0 
2 1 0 2 0 
1 2 0 
1 2 0 
2 1 0 2 1 
1 1 0 
2 1 0 2 0 
1 2 0 
1 2 0 
2 1 0 2 0 
1 1 0 
2 1 0 2 0 
1 2 0 
1 2 0 
2 1 0 2 0 
2 1 0 2 0 
4
33
3 2 0 3 0 4 0 
1 4 0 
1 2 0 
2 3 1 4 0 
4 1 0 2 0 3 0 4 0 
2 3 0 4 0 
4 1 0 2 0 3 0 4 0 
1 3 0 
1 3 0 
2 2 0 3 0 
2 1 0 2 0 
1 4 0 
4 1 0 2 0 3 1 4 0 
3 1 0 2 0 4 0 
4 1 0 2 0 3 0 4 0 
1 2 0 
4 1 0 2 0 3 0 4 1 
3 1 0 3 0 4 0 
4 1 1 2 0 3 0 4 0 
3 2 0 3 0 4 0 
4 1 0 2 0 3 0 4 0 
1 4 0 
1 1 0 
4 1 0 2 0 3 0 4 0 
2 2 0 4 0 
4 1 0 2 1 3 0 4 0 
3 2 0 3 0 4 0 
1 3 0 
2 1 0 4 0 
3 1 1 2 0 4 0 
2 3 0 4 0 
3 2 0 3 0 4 0 
2 1 0 2 0 
8
50
5 1 0 2 0 3 0 4 0 5 0 
4 1 0 2 0 7 0 8 0 
3 1 0 3 1 6 0 
5 3 0 4 0 5 0 6 0 8 0 
1 2 0 
6 1 0 3 0 4 0 5 0 6 0 7 0 
4 2 0 4 0 6 0 7 0 
4 4 0 5 0 7 0 8 0 
5 1 0 2 0 3 0 6 0 7 0 
2 2 0 3 0 
2 4 1 6 0 
4 4 0 6 0 7 0 8 0 
8 1 0 2 1 3 0 4 0 5 0 6 0 7 0 8 0 
1 3 0 
6 1 0 2 0 3 0 6 0 7 0 8 1 
7 1 0 2 0 3 0 4 0 6 0 7 0 8 0 
6 1 0 2 0 3 0 4 0 5 0 7 0 
4 2 0 4 0 5 0 8 0 
2 5 0 8 0 
3 1 0 7 0 8 0 
1 7 0 
3 5 0 6 0 8 0 
8 1 0 2 0 3 0 4 0 5 0 6 0 7 0 8 0 
5 1 0 2 0 4 0 5 0 8 0 
6 2 0 3 0 5 0 6 0 7 0 8 0 
5 3 0 4 0 6 0 7 0 8 0 
8 1 0 2 0 3 0 4 0 5 1 6 0 7 0 8 0 
8 1 0 2 0 3 0 4 0 5 0 6 0 7 0 8 0 
7 2 0 3 0 4 0 5 0 6 0 7 0 8 0 
6 1 0 2 0 3 0 5 0 6 0 7 0 
6 2 0 4 0 5 0 6 0 7 0 8 0 
5 2 1 4 0 6 0 7 0 8 0 
2 1 0 2 1 
1 1 0 
3 1 0 2 0 6 0 
5 2 0 3 0 4 0 5 0 7 0 
5 1 0 2 0 5 0 6 0 8 0 
4 3 0 4 0 5 0 8 0 
4 2 0 3 0 4 0 7 0 
8 1 0 2 0 3 0 4 0 5 0 6 0 7 0 8 1 
6 2 0 3 0 5 0 6 0 7 0 8 0 
3 5 0 7 0 8 0 
7 1 0 2 0 3 0 4 0 6 0 7 0 8 0 
8 1 0 2 1 3 0 4 0 5 0 6 0 7 0 8 0 
5 3 0 4 0 5 0 6 0 8 0 
4 1 1 2 0 4 0 7 0 
3 1 0 6 0 7 0 
7 1 0 2 0 3 0 4 0 5 0 6 0 7 0 
6 2 0 3 0 4 0 5 1 6 0 8 0 
7 1 0 2 0 3 0 4 0 5 0 6 0 7 0 
7
55
3 2 0 4 0 5 0 
4 1 0 2 1 3 0 4 0 
5 2 0 3 0 4 0 6 0 7 0 
3 1 1 2 0 7 0 
7 1 0 2 0 3 0 4 0 5 0 6 0 7 0 
4 3 0 4 0 5 0 7 0 
2 3 0 7 0 
2 2 0 6 0 
4 1 0 3 0 4 0 6 1 
3 3 1 4 0 6 0 
5 1 0 4 0 5 0 6 0 7 0 
7 1 0 2 0 3 0 4 0 5 0 6 0 7 0 
4 2 0 3 0 4 1 5 0 
4 1 0 2 0 3 0 7 0 
7 1 0 2 0 3 0 4 1 5 0 6 0 7 0 
3 1 0 2 0 3 0 
4 1 0 2 0 5 0 7 0 
7 1 0 2 1 3 0 4 0 5 0 6 0 7 0 
4 1 0 2 0 6 0 7 1 
7 1 0 2 0 3 0 4 0 5 0 6 0 7 0 
2 6 0 7 0 
2 2 0 3 0 
1 4 0 
3 3 0 5 0 6 0 
4 1 1 4 0 5 0 7 0 
7 1 0 2 0 3 1 4 0 5 0 6 0 7 0 
1 2 0 
6 2 0 3 0 4 0 5 0 6 0 7 0 
3 1 0 2 0 7 0 
4 2 1 3 0 4 0 5 0 
5 1 0 2 0 3 1 6 0 7 0 
4 1 0 5 1 6 0 7 0 
6 2 0 3 0 4 0 5 0 6 0 7 0 
1 1 0 
1 2 0 
2 1 0 5 0 
6 2 0 3 0 4 0 5 0 6 0 7 0 
7 1 0 2 0 3 0 4 0 5 0 6 0 7 1 
1 4 0 
4 1 1 2 0 5 0 6 0 
2 4 0 6 0 
6 1 0 3 0 4 0 5 0 6 0 7 0 
3 2 0 4 1 7 0 
1 5 0 
7 1 0 2 0 3 0 4 0 5 0 6 0 7 0 
5 1 0 3 0 4 0 5 0 7 0 
6 2 0 3 0 4 0 5 0 6 0 7 0 
3 1 0 2 0 3 0 
7 1 0 2 0 3 0 4 0 5 0 6 0 7 0 
6 1 0 2 0 3 1 4 0 5 0 6 0 
1 4 0 
4 1 1 3 0 5 0 7 0 
1 7 0 
6 2 0 3 0 4 0 5 0 6 0 7 1 
5 1 0 2 0 3 0 6 0 7 0 
7
32
3 1 0 5 0 6 0 
6 2 1 3 0 4 0 5 0 6 0 7 0 
4 1 0 3 0 6 0 7 0 
3 1 0 2 0 4 0 
5 1 0 3 0 5 0 6 1 7 0 
1 3 0 
7 1 0 2 0 3 1 4 0 5 0 6 0 7 0 
4 1 0 3 0 4 0 5 0 
3 2 0 3 0 6 0 
3 1 0 5 0 6 0 
7 1 0 2 0 3 0 4 0 5 0 6 0 7 0 
6 1 1 2 0 3 0 4 0 5 0 7 0 
6 1 0 3 0 4 0 5 0 6 0 7 0 
7 1 0 2 0 3 0 4 0 5 0 6 0 7 0 
5 1 0 3 0 4 0 5 0 7 0 
2 4 0 5 0 
4 1 0 5 0 6 0 7 0 
3 1 0 3 0 7 1 
1 1 0 
3 2 0 3 0 7 0 
6 1 0 2 0 3 0 4 0 6 0 7 0 
1 6 0 
1 5 0 
7 1 0 2 0 3 0 4 0 5 0 6 0 7 0 
6 1 1 2 0 3 0 4 0 5 0 7 0 
7 1 1 2 0 3 0 4 0 5 0 6 0 7 0 
1 3 0 
7 1 0 2 0 3 0 4 1 5 0 6 0 7 0 
1 2 1 
2 2 0 4 0 
6 1 0 3 1 4 0 5 0 6 0 7 0 
4 1 0 3 0 4 0 6 0 
3
57
1 2 0 
2 2 0 3 0 
1 2 0 
1 3 0 
2 1 0 2 0 
2 1 0 3 1 
2 1 0 3 0 
1 1 1 
1 2 0 
2 1 0 2 0 
2 2 0 3 0 
3 1 0 2 0 3 0 
1 2 0 
2 1 0 3 0 
3 1 0 2 0 3 0 
2 2 0 3 0 
3 1 0 2 0 3 0 
3 1 0 2 0 3 0 
3 1 0 2 0 3 0 
3 1 0 2 0 3 0 
1 1 0 
1 2 0 
1 3 0 
2 1 0 3 0 
3 1 0 2 0 3 1 
2 1 0 2 0 
1 2 0 
3 1 0 2 0 3 0 
2 2 0 3 0 
1 3 0 
3 1 0 2 0 3 0 
3 1 0 2 0 3 1 
1 2 1 
1 2 0 
3 1 0 2 0 3 1 
1 3 0 
3 1 1 2 0 3 0 
1 3 0 
1 2 1 
2 1 0 2 0 
3 1 0 2 0 3 0 
1 3 0 
3 1 0 2 0 3 0 
3 1 0 2 0 3 1 
1 2 0 
2 2 0 3 1 
2 1 0 3 0 
3 1 0 2 0 3 0 
2 2 0 3 0 
1 2 1 
2 1 0 3 0 
2 2 0 3 0 
3 1 0 2 0 3 0 
2 2 0 3 0 
2 1 0 3 0 
2 2 0 3 0 
2 1 0 3 0 
10
71
4 1 0 6 0 7 0 8 1 
6 1 0 2 0 5 0 6 0 7 0 9 0 
3 4 0 8 0 9 0 
6 1 0 2 0 5 0 8 0 9 0 10 0 
3 1 0 5 0 7 0 
1 10 0 
4 1 1 4 0 9 0 10 0 
6 4 0 5 0 6 0 7 0 8 0 9 0 
4 3 0 4 0 6 0 7 0 
9 1 0 2 0 3 0 4 0 5 1 6 0 7 0 8 0 10 0 
10 1 0 2 0 3 0 4 0 5 0 6 0 7 0 8 0 9 1 10 0 
9 2 0 3 0 4 0 5 0 6 0 7 1 8 0 9 0 10 0 
7 3 0 5 0 6 0 7 0 8 0 9 0 10 1 
3 1 0 6 0 8 0 
10 1 0 2 0 3 0 4 0 5 0 6 0 7 0 8 0 9 0 10 0 
7 1 0 2 1 3 0 4 0 7 0 9 0 10 0 
8 1 0 2 0 3 0 4 0 6 0 7 0 8 0 9 0 
4 2 0 5 0 7 0 9 0 
5 2 0 3 0 5 0 7 0 10 0 
4 1 0 3 0 4 0 10 0 
1 7 0 
4 5 1 8 0 9 0 10 0 
8 1 0 2 0 4 0 6 0 7 0 8 0 9 0 10 0 
5 2 0 6 0 7 0 9 0 10 1 
1 7 0 
6 1 0 2 0 3 0 4 0 7 0 8 1 
9 1 0 2 0 3 0 5 0 6 0 7 0 8 0 9 0 10 0 
5 3 0 4 0 6 0 8 0 9 0 
3 1 0 3 0 9 0 
3 3 0 4 1 9 0 
1 3 0 
3 3 0 4 0 9 0 
3 1 0 4 0 10 0 
2 5 0 9 0 
7 1 0 2 0 5 0 6 0 7 0 9 0 10 0 
4 1 0 4 0 6 0 9 0 
1 10 0 
10 1 0 2 0 3 0 4 0 5 0 6 0 7 0 8 0 9 0 10 0 
1 5 1 
7 1 1 2 0 3 0 4 0 5 0 6 0 8 0 
6 1 1 2 0 5 0 7 0 8 0 9 0 
7 1 0 2 0 4 0 5 0 7 0 8 0 10 0 
4 1 0 3 0 6 0 9 0 
10 1 0 2 0 3 0 4 0 5 0 6 0 7 0 8 0 9 0 10 1 
5 1 0 2 0 4 0 7 0 9 0 
5 1 0 4 0 5 0 6 0 8 0 
10 1 0 2 0 3 0 4 0 5 0 6 0 7 0 8 0 9 0 10 0 
8 1 0 2 0 4 0 5 0 7 0 8 1 9 0 10 0 
10 1 0 2 0 3 0 4 0 5 0 6 0 7 0 8 0 9 0 10 0 
4 2 0 7 0 8 0 9 0 
1 10 0 
5 1 1 3 0 5 0 7 0 9 0 
4 2 0 3 1 9 0 10 0 
4 4 0 5 0 7 0 8 1 
6 1 0 2 0 4 0 5 1 6 0 9 0 
6 1 0 2 0 3 0 4 0 7 0 10 0 
5 1 0 5 0 6 0 7 0 8 0 
2 2 0 3 0 
9 1 1 2 0 3 0 4 0 5 0 6 0 7 0 9 0 10 0 
2 8 0 9 0 
5 1 0 2 0 5 0 7 0 8 0 
1 4 0 
3 2 0 5 0 9 0 
10 1 0 2 0 3 0 4 0 5 0 6 0 7 1 8 0 9 0 10 0 
5 1 0 3 0 4 0 8 0 9 0 
2 9 0 10 0 
2 1 0 9 0 
1 4 0 
1 8 0 
6 1 0 5 0 6 0 7 0 8 0 9 0 
2 8 0 10 0 
10
26
5 1 0 6 0 7 0 8 0 9 0 
3 7 0 9 0 10 0 
2 3 0 6 0 
10 1 0 2 0 3 1 4 0 5 0 6 0 7 0 8 0 9 0 10 0 
9 1 0 2 0 3 0 4 0 5 0 6 0 7 0 9 0 10 0 
6 1 0 2 0 3 0 4 0 7 0 10 0 
5 1 0 6 0 7 0 8 0 10 0 
5 1 0 3 0 7 0 9 0 10 1 
6 1 0 6 0 7 0 8 0 9 0 10 0 
1 5 0 
5 2 0 3 0 5 0 7 0 10 0 
6 3 0 5 0 6 0 7 0 9 0 10 0 
4 2 0 5 0 9 0 10 0 
10 1 0 2 0 3 0 4 0 5 0 6 0 7 0 8 0 9 0 10 0 
3 1 0 3 0 10 0 
5 4 0 5 0 6 0 7 0 8 0 
5 4 0 5 0 6 0 7 0 9 0 
8 1 0 2 0 3 0 5 0 6 0 7 0 9 0 10 0 
8 1 0 2 0 3 1 4 0 5 0 6 0 7 0 8 0 
6 2 0 5 0 6 0 7 0 8 0 9 0 
8 1 0 4 0 5 0 6 0 7 0 8 0 9 0 10 1 
1 8 0 
3 2 0 4 0 5 0 
9 1 0 2 0 3 0 4 0 5 0 7 0 8 0 9 0 10 0 
5 1 0 6 0 7 0 8 0 9 0 
7 2 0 3 0 4 0 5 0 6 0 8 0 10 0 
8
16
3 2 0 6 0 7 0 
5 2 0 5 1 6 0 7 0 8 0 
3 2 0 3 0 4 0 
4 3 0 5 0 7 0 8 0 
6 1 0 2 0 3 0 6 0 7 0 8 0 
3 5 0 6 0 8 0 
3 2 0 3 0 5 0 
1 6 0 
7 1 0 2 0 3 0 5 0 6 0 7 0 8 0 
2 5 0 7 0 
1 6 0 
5 1 0 3 0 4 0 5 0 7 0 
4 2 0 3 0 6 0 7 0 
4 1 0 3 0 5 0 7 0 
8 1 0 2 0 3 0 4 0 5 0 6 0 7 0 8 0 
7 2 0 3 0 4 0 5 0 6 0 7 0 8 0 
9
11
2 7 0 9 1 
5 5 0 6 0 7 0 8 0 9 0 
2 7 0 8 0 
5 1 0 3 0 4 0 8 0 9 0 
8 1 0 2 0 3 0 4 0 5 1 6 0 7 0 9 0 
8 1 0 3 0 4 0 5 0 6 0 7 0 8 0 9 0 
1 4 0 
3 1 0 7 0 9 0 
6 2 0 3 0 6 0 7 1 8 0 9 0 
6 1 0 2 0 4 0 5 0 7 0 9 0 
3 3 0 6 0 8 1 
9
99
4 5 0 6 0 7 0 8 0 
7 2 0 3 0 5 0 6 0 7 0 8 0 9 0 
4 3 0 5 0 7 0 8 0 
1 4 0 
8 1 0 2 0 3 0 4 0 5 0 6 0 7 0 9 0 
9 1 0 2 0 3 0 4 1 5 0 6 0 7 0 8 0 9 0 
4 1 0 2 1 6 0 8 0 
3 3 0 6 1 7 0 
1 6 0 
8 2 1 3 0 4 0 5 0 6 0 7 0 8 0 9 0 
5 4 0 5 0 6 0 8 0 9 0 
1 3 1 
6 1 0 2 0 3 0 6 0 7 0 9 0 
9 1 0 2 0 3 0 4 0 5 0 6 1 7 0 8 0 9 0 
6 1 0 2 0 3 0 4 0 6 0 9 0 
9 1 0 2 0 3 1 4 0 5 0 6 0 7 0 8 0 9 0 
6 1 1 2 0 6 0 7 0 8 0 9 0 
6 1 0 2 0 3 1 4 0 5 0 8 0 
2 5 1 8 0 
9 1 0 2 0 3 0 4 0 5 0 6 0 7 0 8 0 9 0 
5 1 0 2 0 3 0 5 0 6 0 
1 7 0 
1 7 0 
5 2 0 3 0 5 0 6 0 8 0 
8 1 0 2 0 3 0 5 0 6 0 7 0 8 0 9 1 
1 6 0 
9 1 0 2 0 3 0 4 0 5 0 6 0 7 1 8 0 9 0 
5 2 0 3 0 4 0 6 0 8 0 
6 1 0 2 0 3 0 4 0 6 0 7 0 
7 1 0 2 0 4 0 5 1 6 0 7 0 9 0 
4 2 0 3 1 5 0 9 0 
4 1 0 4 1 6 0 9 0 
6 1 0 2 0 3 0 5 0 6 1 7 0 
3 3 0 7 0 8 1 
2 3 0 8 0 
4 3 0 7 0 8 0 9 0 
2 2 0 7 0 
4 1 0 2 0 3 0 9 0 
6 2 0 3 1 5 0 6 0 7 0 8 0 
6 1 0 2 0 3 0 4 0 5 0 8 0 
8 2 0 3 0 4 0 5 0 6 0 7 0 8 1 9 0 
9 1 0 2 0 3 0 4 0 5 0 6 0 7 0 8 0 9 0 
5 3 0 4 0 5 0 7 1 8 0 
9 1 0 2 0 3 0 4 0 5 0 6 0 7 0 8 0 9 1 
3 2 0 5 0 8 0 
6 1 0 2 0 3 0 4 0 5 0 7 0 
4 1 0 2 0 6 0 9 0 
3 5 0 6 0 8 0 
6 1 0 2 0 4 0 5 0 6 0 7 0 
7 1 0 2 0 3 0 4 0 5 0 6 0 9 0 
6 1 0 3 0 5 0 6 1 7 0 8 0 
6 1 0 2 0 3 0 4 0 6 1 7 0 
2 2 0 4 0 
1 1 0 
3 2 0 4 0 6 0 
3 1 0 3 0 8 0 
8 1 0 2 0 3 0 4 0 5 0 6 0 7 1 9 0 
2 2 0 4 0 
2 1 0 2 0 
5 2 0 4 0 7 0 8 0 9 1 
6 2 0 3 0 4 0 6 0 7 0 9 0 
5 2 0 3 1 7 0 8 0 9 0 
7 1 0 3 0 4 0 5 0 6 0 7 0 9 0 
7 1 0 2 0 3 0 4 0 6 0 8 0 9 0 
1 8 0 
2 2 0 8 0 
5 1 0 2 0 3 0 4 0 8 0 
3 1 0 7 0 8 0 
1 2 0 
8 1 0 2 0 3 0 4 0 5 0 6 0 7 0 9 0 
4 2 1 3 0 8 0 9 0 
1 3 0 
9 1 0 2 0 3 0 4 0 5 0 6 0 7 0 8 0 9 0 
3 1 0 4 0 6 0 
5 1 0 3 0 4 1 6 0 8 0 
3 4 0 6 0 9 0 
7 2 0 3 0 4 0 5 0 6 0 7 0 9 0 
1 9 0 
3 3 0 4 0 9 0 
5 1 1 2 0 3 0 4 0 7 0 
9 1 0 2 0 3 0 4 0 5 0 6 0 7 0 8 1 9 0 
5 1 0 3 0 4 0 5 0 7 0 
9 1 0 2 0 3 0 4 0 5 0 6 0 7 1 8 0 9 0 
5 1 0 3 0 4 0 5 0 9 1 
7 1 0 2 0 3 0 5 1 6 0 7 0 9 0 
9 1 0 2 0 3 0 4 0 5 0 6 0 7 0 8 0 9 0 
5 2 0 4 0 5 0 6 1 9 0 
5 3 0 4 0 5 0 8 0 9 1 
9 1 1 2 0 3 0 4 0 5 0 6 0 7 0 8 0 9 0 
4 1 0 2 0 6 0 8 0 
8 1 0 2 0 4 0 5 0 6 1 7 0 8 0 9 0 
5 4 0 6 1 7 0 8 0 9 0 
5 2 1 4 0 5 0 8 0 9 0 
7 1 0 2 0 5 0 6 0 7 1 8 0 9 0 
7 2 0 4 0 5 1 6 0 7 0 8 0 9 0 
5 2 0 3 0 5 0 6 0 9 0 
5 2 0 3 0 4 0 5 0 8 0 
8 1 0 2 0 3 0 4 0 5 1 7 0 8 0 9 0 
9 1 0 2 0 3 0 4 0 5 0 6 0 7 0 8 0 9 0 
7
9
1 1 1 
6 1 0 2 1 4 0 5 0 6 0 7 0 
6 1 0 2 0 3 0 5 0 6 0 7 0 
6 1 0 2 0 3 0 4 1 6 0 7 0 
2 1 0 6 0 
4 2 0 5 0 6 0 7 0 
2 2 0 6 0 
7 1 0 2 0 3 0 4 0 5 0 6 1 7 0 
6 1 0 2 0 4 0 5 0 6 0 7 0 
10
20
8 2 0 3 0 4 0 5 0 6 0 8 0 9 0 10 0 
8 1 0 2 0 3 0 4 0 5 0 6 0 8 0 10 0 
9 1 0 2 0 3 0 4 0 6 0 7 0 8 0 9 0 10 0 
5 1 0 3 0 4 0 8 0 10 0 
10 1 0 2 0 3 1 4 0 5 0 6 0 7 0 8 0 9 0 10 0 
2 3 0 9 1 
10 1 0 2 0 3 0 4 0 5 0 6 0 7 0 8 0 9 1 10 0 
4 5 0 6 0 9 0 10 0 
7 1 0 3 0 4 0 6 0 7 0 8 0 10 0 
10 1 0 2 0 3 0 4 0 5 0 6 1 7 0 8 0 9 0 10 0 
2 4 0 6 0 
5 1 0 3 0 6 0 7 0 10 0 
2 5 0 6 1 
10 1 0 2 0 3 0 4 0 5 0 6 1 7 0 8 0 9 0 10 0 
8 1 1 3 0 4 0 5 0 6 0 7 0 8 0 10 0 
10 1 0 2 1 3 0 4 0 5 0 6 0 7 0 8 0 9 0 10 0 
10 1 0 2 0 3 0 4 1 5 0 6 0 7 0 8 0 9 0 10 0 
8 1 0 2 0 4 0 5 0 6 0 7 0 8 0 10 0 
2 7 0 10 0 
9 1 0 2 0 3 0 4 0 5 0 7 0 8 0 9 0 10 1 
1
48
1 1 0 
1 1 0 
1 1 0 
1 1 0 
1 1 1 
1 1 0 
1 1 0 
1 1 0 
1 1 0 
1 1 0 
1 1 0 
1 1 0 
1 1 0 
1 1 0 
1 1 0 
1 1 0 
1 1 0 
1 1 0 
1 1 0 
1 1 0 
1 1 0 
1 1 0 
1 1 0 
1 1 0 
1 1 0 
1 1 0 
1 1 0 
1 1 0 
1 1 0 
1 1 1 
1 1 0 
1 1 0 
1 1 0 
1 1 0 
1 1 0 
1 1 0 
1 1 0 
1 1 0 
1 1 0 
1 1 0 
1 1 0 
1 1 0 
1 1 0 
1 1 0 
1 1 1 
1 1 0 
1 1 0 
1 1 0 
7
17
1 1 0 
3 2 0 3 0 5 0 
1 5 0 
4 1 0 2 0 4 0 5 0 
3 3 0 4 0 5 0 
1 4 0 
2 4 0 5 0 
4 1 0 4 1 6 0 7 0 
7 1 0 2 0 3 0 4 0 5 0 6 0 7 0 
4 1 0 4 0 5 0 6 0 
7 1 0 2 0 3 0 4 0 5 0 6 0 7 0 
3 1 0 3 0 7 0 
7 1 0 2 0 3 0 4 1 5 0 6 0 7 0 
2 2 0 7 0 
3 1 0 5 0 7 0 
1 5 0 
3 1 1 2 0 4 0 
10
58
6 1 0 2 0 3 0 6 0 7 0 10 0 
8 1 0 2 0 4 0 5 0 7 0 8 0 9 0 10 1 
1 8 0 
7 1 0 3 1 4 0 7 0 8 0 9 0 10 0 
5 1 0 2 0 8 0 9 0 10 1 
9 1 0 2 0 3 0 4 0 6 0 7 0 8 0 9 0 10 0 
7 1 0 3 0 5 0 6 1 8 0 9 0 10 0 
6 2 1 3 0 5 0 6 0 8 0 9 0 
10 1 0 2 0 3 0 4 0 5 0 6 0 7 0 8 0 9 0 10 0 
3 2 1 3 0 4 0 
3 3 0 4 0 9 0 
5 3 0 4 0 5 1 7 0 8 0 
8 2 0 3 0 4 0 5 0 6 0 7 0 9 0 10 0 
10 1 0 2 0 3 0 4 0 5 0 6 0 7 0 8 0 9 1 10 0 
2 3 0 10 0 
2 5 0 8 0 
2 1 0 5 0 
7 1 0 2 0 3 0 5 0 6 0 7 0 9 0 
7 1 0 3 0 4 0 5 0 6 0 9 0 10 0 
3 5 0 7 1 8 0 
7 2 0 3 0 4 0 5 0 7 0 9 0 10 0 
6 1 0 2 0 4 0 5 0 7 0 10 0 
5 1 0 3 0 7 0 8 0 9 0 
6 1 0 2 0 5 0 7 0 8 0 10 0 
9 1 0 2 0 3 0 4 0 5 0 6 0 7 0 8 0 10 0 
1 9 0 
4 1 0 4 0 8 0 9 0 
4 2 0 4 0 6 0 9 0 
6 1 0 3 0 5 0 6 0 7 0 8 1 
10 1 0 2 0 3 0 4 0 5 0 6 0 7 0 8 0 9 0 10 0 
1 3 0 
3 1 0 3 0 5 0 
5 3 0 4 0 5 1 9 0 10 0 
3 3 0 4 0 8 0 
10 1 0 2 0 3 0 4 0 5 0 6 0 7 0 8 1 9 0 10 0 
10 1 0 2 0 3 0 4 0 5 0 6 0 7 0 8 1 9 0 10 0 
7 3 0 4 1 5 0 6 0 8 0 9 0 10 0 
3 2 1 6 0 8 0 
3 2 0 4 0 6 0 
3 2 1 3 0 5 0 
7 1 0 2 0 4 1 5 0 7 0 8 0 10 0 
2 3 0 9 0 
6 1 0 3 0 5 0 6 0 9 0 10 0 
5 2 0 6 0 7 0 8 0 9 0 
10 1 0 2 0 3 0 4 0 5 0 6 0 7 0 8 0 9 0 10 0 
4 4 0 5 0 6 0 8 0 
3 6 1 7 0 10 0 
5 1 0 3 0 5 0 6 0 7 0 
10 1 0 2 0 3 0 4 0 5 0 6 1 7 0 8 0 9 0 10 0 
8 2 1 3 0 4 0 5 0 6 0 8 0 9 0 10 0 
8 1 0 2 0 3 0 4 1 5 0 8 0 9 0 10 0 
8 1 0 2 1 3 0 4 0 6 0 7 0 9 0 10 0 
1 1 0 
4 1 0 2 0 7 0 8 0 
9 1 0 2 0 3 0 4 0 6 1 7 0 8 0 9 0 10 0 
2 3 0 4 0 
4 1 0 2 0 5 0 10 0 
4 2 0 3 0 5 0 7 0 
4
36
3 1 0 3 0 4 1 
1 1 0 
2 3 0 4 0 
2 1 0 3 0 
1 2 0 
2 2 0 3 1 
1 4 0 
3 1 0 2 1 3 0 
1 1 0 
4 1 0 2 0 3 0 4 0 
3 2 0 3 0 4 0 
2 2 0 3 0 
1 2 0 
3 2 0 3 0 4 0 
3 1 0 2 1 4 0 
1 3 0 
1 4 0 
3 1 0 2 0 3 0 
1 1 0 
1 1 0 
4 1 0 2 0 3 0 4 0 
4 1 0 2 0 3 0 4 0 
4 1 0 2 0 3 0 4 1 
3 1 0 2 0 4 0 
2 2 0 3 0 
4 1 0 2 0 3 0 4 0 
1 2 0 
4 1 0 2 0 3 0 4 0 
4 1 0 2 1 3 0 4 0 
4 1 0 2 0 3 0 4 0 
3 1 0 2 0 4 0 
1 2 1 
2 2 0 3 0 
3 1 1 2 0 3 0 
2 1 0 3 0 
3 1 0 3 0 4 0 
7
56
1 1 0 
3 1 0 3 1 7 0 
1 7 0 
7 1 0 2 0 3 0 4 0 5 1 6 0 7 0 
1 2 0 
3 2 0 4 1 5 0 
6 1 0 3 0 4 0 5 0 6 0 7 1 
1 4 0 
1 1 1 
6 1 0 2 0 3 0 4 0 6 0 7 0 
3 1 0 4 0 5 0 
7 1 0 2 0 3 0 4 0 5 0 6 0 7 0 
3 1 0 3 0 5 0 
4 1 0 2 0 5 0 6 1 
6 1 0 2 0 3 0 4 1 5 0 6 0 
4 2 0 3 0 4 0 5 0 
6 1 0 2 0 3 0 4 0 5 0 6 0 
2 4 0 5 0 
5 1 0 2 0 4 0 5 0 7 0 
1 6 0 
5 2 0 3 0 5 0 6 0 7 0 
1 7 1 
5 1 0 2 0 4 0 5 0 6 0 
1 3 0 
5 1 0 2 0 5 0 6 0 7 0 
2 2 0 6 0 
6 1 0 2 1 3 0 4 0 5 0 6 0 
4 1 0 2 0 3 0 6 0 
2 6 0 7 1 
1 4 0 
4 2 0 5 0 6 0 7 1 
4 2 0 3 0 5 0 6 0 
7 1 0 2 1 3 0 4 0 5 0 6 0 7 0 
1 3 0 
2 2 0 6 1 
2 3 0 7 0 
3 4 0 6 0 7 0 
3 5 0 6 0 7 0 
2 6 0 7 0 
7 1 0 2 0 3 0 4 0 5 0 6 1 7 0 
5 2 0 3 0 4 0 5 0 6 1 
5 1 0 2 0 4 0 5 0 7 0 
7 1 0 2 0 3 0 4 0 5 0 6 0 7 1 
2 2 0 5 1 
3 1 0 2 0 5 0 
3 3 0 5 0 7 0 
6 1 0 2 0 3 1 5 0 6 0 7 0 
2 5 0 7 0 
1 5 0 
5 1 0 2 0 3 1 4 0 6 0 
4 1 0 3 0 4 0 6 0 
7 1 0 2 0 3 0 4 0 5 0 6 0 7 0 
2 1 1 6 0 
5 1 0 4 0 5 0 6 1 7 0 
4 1 0 3 0 5 0 7 0 
5 1 0 2 0 4 0 5 0 6 0 
4
31
3 1 0 3 1 4 0 
2 2 0 3 0 
3 1 0 2 0 3 0 
1 1 0 
4 1 0 2 1 3 0 4 0 
4 1 0 2 0 3 0 4 0 
4 1 0 2 0 3 0 4 0 
1 4 0 
4 1 0 2 1 3 0 4 0 
2 3 0 4 1 
3 1 0 3 0 4 0 
4 1 0 2 0 3 0 4 0 
4 1 0 2 0 3 0 4 1 
4 1 0 2 0 3 0 4 0 
2 1 1 3 0 
3 2 0 3 0 4 0 
1 2 0 
1 4 0 
4 1 0 2 0 3 0 4 0 
3 1 0 3 0 4 0 
3 1 0 2 1 3 0 
2 1 0 2 0 
4 1 0 2 0 3 0 4 0 
1 1 0 
2 2 0 4 0 
3 2 0 3 0 4 0 
1 3 0 
2 1 0 3 0 
1 4 0 
4 1 0 2 0 3 0 4 0 
3 2 1 3 0 4 0 
8
23
4 2 0 5 0 6 0 8 0 
3 4 0 5 0 6 0 
6 1 0 2 0 3 0 5 0 6 0 8 0 
2 4 0 5 1 
2 1 0 3 0 
5 1 0 2 0 4 0 7 1 8 0 
2 2 0 6 1 
1 8 1 
3 1 0 2 0 4 0 
4 1 0 2 0 5 1 8 0 
3 6 0 7 0 8 0 
8 1 0 2 0 3 0 4 0 5 0 6 0 7 0 8 1 
6 1 0 2 0 5 0 6 0 7 0 8 0 
1 8 1 
7 2 0 3 0 4 0 5 0 6 0 7 0 8 1 
7 1 1 2 0 3 0 4 0 5 0 7 0 8 0 
4 1 0 2 0 5 0 6 0 
6 1 0 2 0 5 0 6 0 7 0 8 0 
1 6 0 
7 1 0 2 0 3 0 4 0 5 0 6 0 7 0 
7 1 0 3 0 4 0 5 0 6 0 7 0 8 0 
8 1 0 2 0 3 0 4 0 5 0 6 0 7 0 8 0 
2 2 0 3 0 
5
66
4 1 0 2 0 3 0 5 0 
5 1 0 2 0 3 0 4 1 5 0 
1 4 0 
5 1 0 2 0 3 0 4 0 5 1 
4 1 0 2 0 3 0 5 0 
3 1 0 3 0 4 0 
2 3 0 4 0 
3 1 0 2 0 5 0 
2 3 0 4 1 
1 3 0 
2 1 0 3 0 
4 1 0 2 0 3 0 4 0 
5 1 0 2 0 3 0 4 0 5 1 
4 1 0 3 0 4 0 5 0 
1 4 0 
3 1 0 4 0 5 0 
2 1 0 2 0 
3 1 0 4 0 5 0 
3 1 0 3 0 4 0 
3 2 0 3 0 4 0 
4 1 0 3 0 4 0 5 1 
5 1 0 2 0 3 0 4 0 5 0 
2 1 0 2 0 
3 3 0 4 1 5 0 
2 1 0 4 1 
1 3 0 
1 3 0 
4 2 0 3 0 4 0 5 0 
5 1 1 2 0 3 0 4 0 5 0 
2 1 0 2 0 
2 2 0 3 1 
1 3 0 
4 1 0 2 1 4 0 5 0 
3 2 1 3 0 5 0 
5 1 0 2 0 3 0 4 0 5 0 
2 1 0 3 0 
5 1 1 2 0 3 0 4 0 5 0 
4 1 0 2 0 3 0 4 0 
5 1 0 2 0 3 0 4 0 5 0 
3 1 0 3 0 4 0 
5 1 0 2 0 3 0 4 0 5 0 
2 3 0 5 0 
3 3 0 4 0 5 0 
2 3 0 4 0 
4 2 0 3 1 4 0 5 0 
4 2 0 3 0 4 0 5 1 
3 1 0 2 1 3 0 
2 3 0 5 0 
4 1 1 2 0 4 0 5 0 
5 1 1 2 0 3 0 4 0 5 0 
4 1 0 3 0 4 0 5 0 
2 1 0 2 0 
3 1 0 2 0 5 0 
4 1 0 2 0 4 0 5 0 
1 3 0 
4 1 0 2 0 4 0 5 1 
3 1 0 4 0 5 0 
3 2 0 3 0 4 0 
5 1 0 2 0 3 1 4 0 5 0 
2 1 0 3 0 
5 1 0 2 0 3 0 4 0 5 0 
3 3 0 4 1 5 0 
4 2 0 3 0 4 0 5 1 
5 1 0 2 0 3 0 4 0 5 0 
3 2 0 3 0 5 0 
2 3 0 4 0 
9
88
3 3 0 7 0 8 0 
6 1 0 2 0 6 0 7 0 8 0 9 0 
6 1 0 2 0 3 0 5 1 6 0 9 0 
9 1 0 2 0 3 0 4 0 5 0 6 0 7 0 8 0 9 0 
5 1 0 3 0 5 0 7 0 8 1 
7 2 0 3 0 4 0 6 0 7 0 8 0 9 0 
6 2 0 3 0 4 0 5 0 7 0 9 0 
1 8 0 
8 1 1 2 0 3 0 5 0 6 0 7 0 8 0 9 0 
8 1 0 3 0 4 1 5 0 6 0 7 0 8 0 9 0 
4 1 0 2 0 3 0 9 0 
3 3 0 5 0 7 0 
2 4 0 9 0 
3 2 0 4 0 5 0 
4 1 0 4 1 5 0 7 0 
7 2 0 3 0 4 0 5 1 7 0 8 0 9 0 
2 1 0 5 0 
5 1 0 3 0 4 0 6 1 8 0 
1 8 0 
2 1 0 7 0 
9 1 0 2 0 3 0 4 0 5 0 6 0 7 0 8 0 9 0 
5 1 0 4 0 5 0 6 0 8 0 
7 1 0 2 1 4 0 5 0 6 0 7 0 8 0 
8 1 0 2 0 3 0 4 0 5 0 6 0 7 0 8 0 
6 2 0 5 0 6 0 7 0 8 1 9 0 
9 1 0 2 1 3 0 4 0 5 0 6 0 7 0 8 0 9 0 
3 4 1 5 0 9 0 
8 1 0 2 0 3 0 4 0 5 0 6 0 7 0 8 0 
2 1 0 2 0 
1 1 0 
2 6 0 9 0 
1 8 0 
8 2 1 3 0 4 0 5 0 6 0 7 0 8 0 9 0 
1 6 0 
6 1 0 3 0 6 0 7 0 8 0 9 0 
4 1 0 2 0 3 1 8 0 
5 3 0 5 0 7 0 8 0 9 0 
3 1 0 3 0 5 0 
3 1 0 5 0 9 0 
4 1 0 6 0 8 0 9 0 
1 1 0 
5 1 1 2 0 5 0 6 0 7 0 
1 4 0 
3 5 0 6 0 7 0 
6 2 0 4 0 5 0 7 0 8 0 9 0 
6 2 0 3 1 4 0 5 0 7 0 8 0 
2 2 0 5 0 
1 3 0 
7 1 0 3 0 4 0 6 0 7 0 8 0 9 0 
8 1 0 2 0 3 0 4 0 5 0 6 0 8 0 9 0 
8 1 0 2 0 4 0 5 0 6 0 7 0 8 0 9 0 
5 1 0 2 0 3 0 4 0 6 0 
7 1 0 2 0 3 0 4 0 5 0 6 0 7 1 
2 5 0 8 0 
5 2 0 4 0 5 0 7 0 9 0 
4 2 0 4 0 8 0 9 0 
7 1 0 2 0 3 0 4 0 5 0 8 0 9 0 
3 3 0 5 0 7 0 
8 1 0 2 0 3 0 4 0 6 0 7 0 8 0 9 0 
3 1 1 3 0 9 0 
3 3 0 6 0 7 0 
3 1 0 4 0 6 0 
2 3 0 8 0 
4 4 0 5 0 8 0 9 0 
9 1 0 2 0 3 0 4 0 5 1 6 0 7 0 8 0 9 0 
7 1 0 2 0 3 0 4 0 6 0 7 0 8 0 
6 2 0 4 0 5 0 7 0 8 0 9 0 
3 1 0 2 0 8 1 
4 2 0 5 0 8 1 9 0 
7 1 0 3 0 4 0 6 0 7 0 8 0 9 0 
5 3 0 4 0 5 0 7 0 8 0 
8 1 1 2 0 3 0 4 0 6 0 7 0 8 0 9 0 
4 3 0 6 0 7 0 8 1 
9 1 0 2 0 3 0 4 0 5 0 6 0 7 0 8 0 9 0 
3 1 1 2 0 5 0 
7 1 0 2 0 3 0 4 0 5 1 6 0 7 0 
6 2 0 3 0 5 0 7 0 8 1 9 0 
1 2 0 
6 1 0 2 0 3 0 4 0 5 0 9 0 
6 1 0 3 0 4 0 5 0 7 0 9 0 
5 4 0 5 0 6 1 8 0 9 0 
1 4 0 
7 1 0 2 0 4 0 5 0 6 0 7 0 9 0 
1 8 0 
7 1 0 2 0 3 0 4 0 5 0 6 0 7 0 
6 1 0 3 0 6 0 7 0 8 0 9 0 
2 6 0 7 0 
9 1 0 2 0 3 0 4 0 5 0 6 0 7 0 8 0 9 0 
9
65
7 2 1 4 0 5 0 6 0 7 0 8 0 9 0 
3 1 0 2 1 9 0 
4 1 0 2 0 4 0 9 0 
7 1 0 2 0 3 0 4 0 5 0 6 0 8 0 
1 6 0 
8 1 0 2 0 3 0 4 1 5 0 6 0 8 0 9 0 
7 1 0 2 0 4 0 5 0 6 0 8 0 9 0 
3 2 1 5 0 8 0 
7 1 0 2 0 4 0 6 0 7 0 8 0 9 0 
4 1 0 2 0 3 0 6 0 
5 4 1 6 0 7 0 8 0 9 0 
4 2 0 4 1 8 0 9 0 
4 1 0 2 0 3 0 8 0 
5 1 0 3 0 5 0 6 0 7 0 
4 2 1 3 0 4 0 9 0 
5 2 0 3 0 4 0 5 0 6 0 
3 2 0 3 0 6 0 
3 2 0 3 0 8 0 
3 3 0 4 0 9 0 
2 5 0 9 0 
7 2 1 3 0 4 0 5 0 6 0 7 0 9 0 
3 1 0 4 0 8 0 
2 1 1 9 0 
9 1 0 2 0 3 0 4 0 5 0 6 0 7 1 8 0 9 0 
2 8 1 9 0 
7 1 0 3 0 4 0 5 0 6 0 7 0 8 0 
5 1 0 4 0 5 0 6 0 9 0 
4 2 0 5 0 6 0 8 0 
6 2 0 4 0 5 0 7 0 8 0 9 1 
2 3 1 7 0 
9 1 0 2 0 3 0 4 0 5 0 6 0 7 0 8 0 9 0 
9 1 0 2 0 3 0 4 0 5 0 6 0 7 0 8 0 9 1 
1 8 1 
2 1 0 6 0 
1 8 0 
8 1 0 2 0 3 0 4 0 5 1 6 0 7 0 9 0 
8 1 0 2 0 3 0 4 0 5 0 6 0 7 0 9 0 
9 1 0 2 0 3 0 4 0 5 0 6 0 7 0 8 0 9 0 
9 1 0 2 0 3 0 4 0 5 0 6 0 7 0 8 1 9 0 
4 2 0 4 0 5 0 9 0 
8 1 0 2 0 3 1 4 0 6 0 7 0 8 0 9 0 
4 1 0 2 0 5 0 6 1 
5 4 0 5 0 6 0 8 0 9 0 
7 1 0 2 0 3 0 5 0 6 0 8 0 9 0 
1 9 0 
7 1 0 2 0 3 0 4 0 5 0 6 0 9 0 
9 1 0 2 0 3 0 4 0 5 0 6 0 7 0 8 1 9 0 
8 1 0 2 0 3 0 4 0 5 0 6 0 7 0 9 0 
4 3 0 4 0 5 0 7 0 
7 1 0 2 0 3 0 4 0 5 0 6 0 8 0 
2 7 1 8 0 
4 4 0 5 0 6 0 7 0 
9 1 0 2 0 3 0 4 1 5 0 6 0 7 0 8 0 9 0 
7 1 0 4 0 5 0 6 0 7 1 8 0 9 0 
5 1 0 3 0 5 0 6 0 9 0 
2 7 0 9 0 
4 1 0 2 0 5 0 6 0 
8 1 0 2 0 4 0 5 0 6 0 7 1 8 0 9 0 
3 1 0 2 0 3 0 
4 1 0 2 1 3 0 4 0 
3 2 0 3 0 6 0 
6 1 0 2 0 3 0 5 1 6 0 8 0 
8 1 0 3 0 4 0 5 0 6 0 7 0 8 0 9 0 
9 1 0 2 1 3 0 4 0 5 0 6 0 7 0 8 0 9 0 
5 1 0 3 0 4 1 7 0 8 0 
8
22
8 1 0 2 0 3 0 4 0 5 0 6 0 7 0 8 0 
2 4 1 6 0 
5 3 0 5 0 6 0 7 0 8 0 
5 1 0 2 0 3 0 5 0 7 0 
8 1 0 2 0 3 0 4 0 5 0 6 0 7 1 8 0 
7 1 0 2 0 3 0 4 0 5 0 6 0 7 0 
4 1 0 5 0 7 0 8 0 
1 7 0 
5 3 0 4 0 5 0 7 0 8 0 
5 1 0 2 0 3 0 5 0 6 0 
4 1 0 3 0 4 0 7 0 
7 1 0 2 0 3 0 5 0 6 0 7 0 8 0 
7 1 0 2 0 3 0 4 0 5 0 6 0 8 0 
7 1 0 2 0 3 0 4 0 6 0 7 0 8 1 
3 1 0 4 0 7 0 
6 1 0 2 0 4 1 5 0 6 0 7 0 
2 4 0 6 0 
8 1 1 2 0 3 0 4 0 5 0 6 0 7 0 8 0 
1 3 0 
1 5 0 
1 1 0 
8 1 1 2 0 3 0 4 0 5 0 6 0 7 0 8 0 
4
50
1 4 1 
2 1 0 2 0 
2 3 1 4 0 
1 3 0 
1 2 0 
3 1 1 2 0 3 0 
1 4 1 
1 2 0 
2 2 0 4 0 
2 2 0 3 0 
3 1 0 2 0 3 0 
3 1 0 2 0 4 0 
3 1 0 2 0 3 0 
4 1 0 2 0 3 0 4 0 
4 1 0 2 0 3 0 4 0 
1 1 0 
1 4 0 
2 2 0 4 0 
3 1 0 2 0 4 0 
4 1 0 2 0 3 0 4 0 
3 2 0 3 1 4 0 
1 1 0 
4 1 0 2 0 3 1 4 0 
2 2 0 3 0 
1 2 0 
1 2 0 
1 1 0 
3 1 0 2 0 4 0 
4 1 0 2 0 3 0 4 0 
1 1 1 
3 1 0 2 0 3 0 
3 1 0 2 0 4 1 
4 1 0 2 0 3 0 4 0 
1 3 1 
4 1 0 2 0 3 0 4 0 
3 1 0 3 0 4 1 
2 1 0 3 0 
3 1 0 3 0 4 0 
1 4 0 
3 1 0 3 0 4 1 
3 1 0 2 0 3 0 
1 1 0 
1 4 0 
1 4 0 
1 1 0 
3 1 0 3 0 4 0 
1 3 0 
4 1 0 2 0 3 0 4 0 
1 3 0 
3 2 0 3 0 4 0 
6
66
1 5 0 
1 5 0 
3 2 0 3 0 4 0 
1 4 0 
3 1 0 2 0 4 1 
2 2 0 4 0 
5 1 0 2 0 3 0 5 0 6 0 
5 2 0 3 0 4 0 5 0 6 0 
5 1 0 3 1 4 0 5 0 6 0 
2 4 1 5 0 
3 2 0 3 0 5 0 
1 1 0 
2 3 0 4 0 
1 3 0 
6 1 0 2 0 3 0 4 0 5 0 6 0 
3 2 0 4 0 6 0 
1 3 0 
3 1 0 4 0 6 0 
6 1 0 2 0 3 0 4 0 5 0 6 0 
6 1 1 2 0 3 0 4 0 5 0 6 0 
5 1 0 2 0 3 0 4 0 6 0 
2 3 0 5 0 
4 1 0 2 0 4 0 6 0 
3 1 1 3 0 5 0 
2 3 0 5 0 
2 2 0 5 0 
2 1 0 6 0 
4 1 0 3 0 5 0 6 0 
2 1 0 3 0 
1 6 0 
3 1 0 3 0 4 1 
6 1 0 2 1 3 0 4 0 5 0 6 0 
3 1 0 5 0 6 0 
1 2 0 
6 1 0 2 0 3 1 4 0 5 0 6 0 
6 1 0 2 1 3 0 4 0 5 0 6 0 
5 1 0 2 0 3 0 4 0 6 0 
1 1 0 
6 1 0 2 0 3 0 4 0 5 0 6 0 
2 3 0 6 0 
5 1 0 3 0 4 0 5 0 6 0 
4 1 0 3 0 4 0 6 0 
1 1 0 
3 3 0 4 0 5 0 
2 4 0 6 1 
1 2 0 
5 2 0 3 0 4 0 5 1 6 0 
4 2 0 4 0 5 0 6 1 
6 1 0 2 0 3 0 4 0 5 0 6 0 
4 1 0 3 0 4 0 5 0 
4 1 0 3 0 4 0 5 0 
6 1 0 2 0 3 0 4 0 5 0 6 0 
4 2 1 3 0 5 0 6 0 
5 1 0 3 0 4 0 5 0 6 0 
6 1 0 2 0 3 0 4 0 5 0 6 0 
2 4 0 5 0 
2 2 0 6 0 
4 1 0 3 0 4 0 6 0 
5 1 0 2 0 3 0 5 0 6 0 
2 3 0 4 1 
2 1 0 2 0 
2 1 0 3 0 
1 3 0 
6 1 0 2 0 3 0 4 0 5 0 6 0 
2 1 0 4 0 
1 3 0 
3
52
2 1 0 3 0 
2 1 0 2 0 
2 1 0 2 0 
2 1 0 2 0 
1 2 0 
1 3 0 
3 1 0 2 0 3 0 
1 2 0 
1 2 0 
1 2 0 
1 3 0 
1 2 0 
3 1 0 2 0 3 0 
2 1 1 3 0 
2 1 0 2 0 
3 1 0 2 0 3 0 
1 1 0 
2 1 1 3 0 
3 1 0 2 0 3 0 
2 1 0 2 0 
1 3 0 
3 1 0 2 1 3 0 
2 2 1 3 0 
2 1 0 2 0 
3 1 0 2 0 3 0 
1 2 1 
3 1 0 2 0 3 0 
3 1 0 2 1 3 0 
1 2 0 
1 2 1 
2 1 1 2 0 
3 1 0 2 0 3 0 
3 1 0 2 0 3 0 
1 1 0 
3 1 0 2 0 3 0 
3 1 0 2 0 3 0 
3 1 0 2 0 3 0 
3 1 0 2 0 3 0 
2 1 0 2 0 
1 1 0 
1 3 0 
3 1 0 2 0 3 0 
2 2 0 3 0 
3 1 0 2 0 3 0 
3 1 0 2 0 3 0 
3 1 0 2 0 3 0 
3 1 0 2 0 3 0 
2 1 0 3 0 
1 3 0 
3 1 0 2 0 3 0 
3 1 0 2 1 3 0 
1 2 0 
8
69
5 2 0 3 0 4 0 5 0 8 0 
6 3 0 4 1 5 0 6 0 7 0 8 0 
6 1 0 2 0 3 0 5 0 7 0 8 0 
7 2 0 3 0 4 0 5 0 6 0 7 0 8 1 
1 5 0 
7 1 0 2 0 3 0 4 0 5 0 7 0 8 0 
2 1 0 5 1 
8 1 0 2 0 3 0 4 0 5 0 6 0 7 0 8 0 
1 7 0 
2 5 0 7 0 
5 2 0 3 0 4 0 5 0 6 0 
3 3 0 5 0 8 0 
4 5 1 6 0 7 0 8 0 
3 1 0 2 0 8 0 
1 8 0 
5 1 0 2 0 5 0 6 0 7 0 
7 1 0 2 0 3 0 4 0 5 0 6 0 8 0 
5 1 0 2 1 4 0 7 0 8 0 
1 8 0 
7 1 0 2 0 3 0 4 0 6 0 7 1 8 0 
6 2 0 3 0 4 0 5 0 6 0 8 0 
2 5 0 6 0 
7 1 0 2 0 3 1 5 0 6 0 7 0 8 0 
2 2 0 6 0 
7 1 0 2 0 3 0 4 0 6 0 7 0 8 0 
8 1 0 2 0 3 0 4 0 5 0 6 0 7 0 8 0 
7 1 0 3 0 4 0 5 0 6 1 7 0 8 0 
6 2 0 3 0 4 0 5 0 6 0 8 0 
6 1 0 3 0 5 0 6 0 7 0 8 0 
5 1 0 3 0 5 0 7 0 8 0 
8 1 0 2 0 3 0 4 0 5 0 6 0 7 0 8 0 
8 1 1 2 0 3 0 4 0 5 0 6 0 7 0 8 0 
7 1 0 2 0 3 0 4 0 5 1 6 0 7 0 
7 2 0 3 0 4 0 5 0 6 0 7 0 8 0 
1 7 0 
8 1 0 2 0 3 0 4 0 5 0 6 0 7 0 8 0 
2 1 0 7 0 
7 2 0 3 0 4 0 5 0 6 0 7 0 8 0 
1 7 0 
1 7 0 
2 3 0 5 0 
4 2 0 4 0 6 1 8 0 
4 1 0 2 0 4 1 6 0 
6 1 0 3 0 4 0 6 1 7 0 8 0 
8 1 0 2 0 3 0 4 0 5 0 6 0 7 0 8 0 
5 1 1 3 0 6 0 7 0 8 0 
4 1 0 2 0 6 0 7 0 
5 1 1 3 0 4 0 6 0 8 0 
7 1 1 3 0 4 0 5 0 6 0 7 0 8 0 
5 1 0 2 0 4 0 6 0 7 0 
8 1 0 2 0 3 0 4 1 5 0 6 0 7 0 8 0 
3 1 0 4 0 7 0 
8 1 0 2 0 3 0 4 0 5 0 6 0 7 1 8 0 
2 3 0 5 0 
5 1 0 2 0 4 0 5 0 7 0 
5 1 0 3 1 5 0 7 0 8 0 
2 5 0 7 0 
3 4 0 5 0 6 1 
1 7 0 
7 1 0 2 0 3 0 4 0 5 0 7 0 8 0 
4 2 0 4 0 5 0 6 1 
7 1 0 2 0 3 0 4 0 6 1 7 0 8 0 
7 1 0 2 0 4 0 5 0 6 0 7 0 8 1 
5 2 0 3 0 5 1 7 0 8 0 
1 2 1 
2 1 0 3 0 
3 1 0 2 0 8 0 
4 1 0 3 0 7 0 8 0 
1 7 0 
6
58
1 3 0 
2 1 0 5 0 
2 2 0 3 0 
4 1 0 2 0 3 0 4 0 
4 1 0 3 0 4 0 6 1 
1 2 0 
6 1 0 2 0 3 0 4 0 5 0 6 0 
5 1 0 3 0 4 0 5 0 6 0 
6 1 0 2 0 3 0 4 0 5 0 6 1 
2 4 0 6 0 
2 3 1 4 0 
2 4 0 6 0 
2 2 0 6 0 
4 3 0 4 0 5 0 6 0 
5 1 1 2 0 3 0 4 0 6 0 
1 3 1 
5 1 0 2 0 3 0 4 0 6 0 
1 4 0 
6 1 0 2 0 3 0 4 0 5 0 6 0 
2 2 0 6 0 
4 1 0 4 0 5 0 6 0 
5 1 0 2 0 3 0 4 0 6 0 
5 1 0 2 0 3 0 4 0 6 0 
5 1 0 3 0 4 0 5 0 6 0 
6 1 0 2 0 3 0 4 0 5 0 6 0 
3 2 1 3 0 4 0 
2 1 0 4 1 
3 1 0 4 1 5 0 
3 3 1 4 0 6 0 
4 2 0 4 0 5 1 6 0 
6 1 0 2 0 3 0 4 0 5 0 6 0 
2 2 0 3 0 
2 5 0 6 1 
4 1 0 3 0 4 0 6 0 
2 3 1 4 0 
5 1 0 2 0 3 0 4 0 5 0 
3 1 0 4 1 6 0 
1 3 0 
4 1 0 2 0 3 0 6 0 
1 6 0 
6 1 1 2 0 3 0 4 0 5 0 6 0 
5 1 0 2 0 4 0 5 0 6 0 
5 1 0 3 0 4 0 5 0 6 0 
1 2 0 
1 4 0 
5 1 0 2 0 4 0 5 0 6 0 
3 2 0 3 0 6 0 
5 1 0 2 0 4 0 5 0 6 0 
3 4 0 5 0 6 0 
6 1 0 2 0 3 0 4 1 5 0 6 0 
3 1 0 3 0 5 1 
4 2 0 3 1 4 0 5 0 
3 4 0 5 0 6 0 
2 2 0 6 0 
2 1 0 4 1 
3 3 0 4 0 5 0 
5 1 0 2 0 3 0 4 0 5 0 
5 2 0 3 0 4 0 5 0 6 0 
2
26
2 1 1 2 0 
2 1 0 2 0 
1 1 0 
1 2 0 
1 2 0 
1 2 1 
2 1 0 2 0 
1 1 1 
2 1 0 2 1 
1 1 0 
1 2 0 
1 2 0 
2 1 0 2 0 
1 1 0 
2 1 0 2 0 
1 1 0 
2 1 0 2 0 
1 1 0 
2 1 0 2 0 
2 1 1 2 0 
1 1 0 
2 1 0 2 0 
1 2 0 
2 1 0 2 0 
1 1 0 
1 1 0 
2
74
2 1 0 2 0 
2 1 0 2 0 
1 1 0 
1 2 0 
1 2 0 
2 1 0 2 0 
2 1 0 2 0 
1 2 0 
1 1 0 
2 1 0 2 0 
2 1 0 2 0 
1 1 0 
1 1 0 
2 1 0 2 0 
1 1 0 
2 1 0 2 0 
1 2 0 
1 1 0 
2 1 1 2 0 
2 1 0 2 0 
2 1 0 2 0 
1 1 0 
2 1 0 2 0 
1 1 0 
2 1 0 2 0 
1 2 0 
1 2 0 
2 1 0 2 1 
1 2 0 
2 1 0 2 0 
1 1 0 
2 1 0 2 0 
2 1 1 2 0 
1 2 0 
1 1 0 
2 1 0 2 0 
2 1 0 2 0 
1 1 0 
1 1 0 
2 1 1 2 0 
2 1 0 2 0 
1 2 0 
2 1 0 2 0 
1 1 0 
2 1 0 2 0 
2 1 0 2 0 
1 2 0 
2 1 0 2 0 
2 1 0 2 0 
1 2 0 
1 2 0 
2 1 0 2 0 
2 1 0 2 1 
1 2 0 
1 1 0 
2 1 0 2 0 
2 1 1 2 0 
2 1 0 2 0 
2 1 0 2 0 
2 1 0 2 0 
2 1 0 2 0 
2 1 0 2 0 
1 2 0 
2 1 0 2 0 
2 1 0 2 0 
1 2 1 
2 1 0 2 0 
2 1 0 2 0 
1 2 0 
2 1 0 2 0 
1 1 0 
2 1 0 2 0 
1 2 0 
1 2 0 
6
62
6 1 0 2 0 3 0 4 0 5 0 6 0 
3 1 0 3 0 4 0 
4 1 0 2 0 3 0 6 0 
4 2 0 4 0 5 0 6 0 
5 1 0 2 0 3 0 4 0 6 0 
1 1 1 
5 1 0 2 0 4 0 5 0 6 0 
2 4 0 5 0 
4 2 0 3 0 5 1 6 0 
5 1 0 2 0 3 0 4 0 5 0 
6 1 0 2 0 3 0 4 0 5 0 6 0 
1 1 0 
2 2 0 5 0 
4 3 0 4 0 5 0 6 0 
2 4 0 5 1 
4 1 0 2 0 4 0 6 1 
3 1 1 3 0 5 0 
3 2 0 3 0 5 0 
1 5 0 
1 3 0 
1 2 0 
5 1 0 2 0 3 0 4 0 6 0 
1 1 0 
6 1 1 2 0 3 0 4 0 5 0 6 0 
5 1 0 2 0 3 0 5 0 6 0 
1 3 0 
6 1 0 2 1 3 0 4 0 5 0 6 0 
1 5 0 
2 1 0 5 0 
5 1 0 2 0 4 1 5 0 6 0 
6 1 0 2 0 3 0 4 0 5 0 6 0 
2 2 1 6 0 
6 1 0 2 0 3 0 4 0 5 0 6 0 
4 1 0 2 0 3 0 4 0 
5 1 0 2 0 3 0 4 1 6 0 
3 1 0 3 0 6 0 
2 4 0 6 0 
5 1 0 2 0 3 0 4 0 6 0 
5 1 0 2 0 3 0 5 0 6 0 
5 2 0 3 0 4 0 5 0 6 0 
6 1 1 2 0 3 0 4 0 5 0 6 0 
5 1 0 2 0 4 0 5 0 6 0 
6 1 0 2 0 3 0 4 1 5 0 6 0 
4 1 0 2 0 4 1 5 0 
2 1 1 4 0 
2 5 0 6 0 
4 2 0 4 0 5 0 6 0 
2 1 0 2 0 
5 1 0 2 0 3 0 4 1 5 0 
5 1 0 2 0 3 0 4 0 6 0 
1 5 0 
6 1 0 2 0 3 0 4 0 5 0 6 0 
1 5 0 
4 1 0 2 0 4 0 5 0 
4 1 0 3 0 4 0 5 0 
6 1 0 2 0 3 0 4 0 5 0 6 1 
1 4 0 
6 1 0 2 0 3 0 4 0 5 0 6 0 
1 3 0 
4 1 0 2 0 4 1 5 0 
2 2 0 5 0 
3 1 0 2 0 5 0 
6
44
2 1 1 2 0 
3 1 0 5 0 6 0 
5 1 0 3 0 4 0 5 1 6 0 
4 1 0 2 0 3 0 5 0 
3 1 0 2 0 6 0 
1 6 1 
2 2 1 6 0 
2 1 0 4 0 
1 5 0 
3 1 0 4 0 6 0 
1 1 0 
4 1 0 2 0 3 0 4 0 
6 1 0 2 0 3 0 4 0 5 0 6 0 
2 5 0 6 0 
4 1 0 3 0 5 0 6 0 
1 5 0 
2 5 0 6 0 
4 2 0 3 0 5 0 6 0 
3 3 0 4 0 5 0 
2 1 0 4 0 
4 1 0 3 0 5 1 6 0 
1 5 0 
3 1 0 2 0 5 0 
1 2 1 
1 2 0 
1 4 0 
2 1 0 2 0 
1 3 0 
4 2 0 4 0 5 0 6 0 
2 3 0 4 0 
3 2 0 4 0 5 0 
6 1 0 2 0 3 0 4 1 5 0 6 0 
4 1 0 2 0 4 1 5 0 
4 2 0 3 0 5 0 6 0 
1 4 0 
6 1 0 2 0 3 0 4 0 5 0 6 0 
6 1 0 2 0 3 0 4 0 5 0 6 0 
1 6 0 
4 1 0 3 0 4 0 6 0 
1 6 0 
1 3 0 
5 1 0 2 0 4 1 5 0 6 0 
1 5 0 
3 2 0 3 0 4 0 
6
52
1 5 0 
1 1 0 
1 1 1 
3 2 0 3 0 5 0 
1 1 0 
4 1 0 3 0 4 0 5 0 
6 1 0 2 0 3 0 4 0 5 0 6 1 
4 1 0 2 0 4 0 6 0 
6 1 0 2 0 3 0 4 0 5 0 6 0 
6 1 0 2 0 3 0 4 0 5 0 6 0 
2 1 0 2 0 
3 1 0 2 0 3 0 
2 1 0 4 0 
5 1 0 2 0 4 0 5 0 6 0 
3 1 0 2 0 5 0 
6 1 0 2 0 3 0 4 0 5 0 6 0 
3 4 0 5 0 6 1 
3 1 0 2 1 4 0 
2 2 1 6 0 
3 1 0 3 0 5 0 
6 1 0 2 0 3 0 4 0 5 0 6 0 
2 2 0 4 0 
1 1 1 
5 1 0 2 0 3 0 4 0 5 1 
1 5 0 
1 3 0 
4 1 0 2 1 4 0 5 0 
5 1 0 3 0 4 0 5 0 6 0 
4 1 0 3 0 4 0 5 0 
1 2 0 
1 1 1 
2 3 0 4 0 
3 1 0 2 0 3 1 
4 1 0 2 0 3 0 5 0 
3 1 0 2 0 6 0 
5 1 0 3 0 4 0 5 0 6 0 
4 2 0 3 0 4 0 5 0 
1 6 0 
1 4 0 
2 4 0 6 0 
4 1 0 3 0 4 0 5 0 
6 1 0 2 0 3 0 4 0 5 0 6 0 
1 3 0 
3 1 0 4 0 6 0 
5 1 0 3 0 4 0 5 0 6 0 
3 4 0 5 0 6 0 
6 1 0 2 0 3 0 4 0 5 0 6 0 
4 2 0 4 0 5 0 6 0 
3 2 0 5 0 6 0 
1 3 0 
1 5 1 
6 1 0 2 0 3 0 4 0 5 0 6 0 
6
90
3 1 0 4 0 5 0 
5 1 0 2 0 3 0 4 0 5 1 
6 1 0 2 0 3 0 4 0 5 0 6 0 
1 1 0 
4 1 0 3 1 4 0 5 0 
2 2 0 4 0 
4 1 0 2 0 3 0 5 0 
2 1 1 5 0 
1 4 0 
6 1 0 2 0 3 0 4 0 5 0 6 0 
1 3 0 
6 1 0 2 0 3 0 4 0 5 1 6 0 
1 6 0 
4 2 0 4 1 5 0 6 0 
1 6 0 
6 1 0 2 0 3 0 4 0 5 1 6 0 
2 1 0 3 0 
4 1 0 2 0 4 0 6 0 
2 3 0 4 0 
4 2 0 3 1 4 0 5 0 
5 1 0 3 0 4 0 5 0 6 0 
4 3 1 4 0 5 0 6 0 
3 2 1 4 0 6 0 
3 1 0 3 0 6 0 
2 1 0 4 0 
4 1 0 2 0 3 0 5 0 
4 1 0 2 0 4 0 6 0 
1 2 0 
2 4 0 6 0 
2 3 0 5 0 
2 3 0 5 0 
2 3 0 4 0 
2 1 0 6 0 
5 1 0 2 0 3 0 4 0 6 0 
4 1 0 2 0 4 0 6 0 
2 3 0 4 0 
3 2 0 3 0 4 0 
4 2 0 3 0 4 0 6 0 
3 1 0 4 0 5 0 
5 1 0 2 0 3 0 4 0 5 0 
4 2 1 4 0 5 0 6 0 
4 1 0 2 0 5 0 6 0 
5 1 0 2 0 3 0 4 0 5 0 
2 2 0 5 0 
4 1 0 2 0 3 0 6 0 
6 1 0 2 0 3 0 4 0 5 0 6 0 
3 1 0 3 0 5 0 
5 1 0 2 0 3 0 4 0 6 0 
1 2 0 
1 6 0 
3 3 0 4 0 5 0 
1 4 0 
5 1 1 3 0 4 0 5 0 6 0 
5 1 0 2 0 3 0 4 0 5 0 
6 1 0 2 0 3 0 4 0 5 0 6 0 
2 5 0 6 0 
2 2 0 5 0 
2 2 0 4 0 
5 1 0 2 0 4 0 5 0 6 0 
4 1 0 4 0 5 0 6 0 
5 1 0 2 0 4 0 5 0 6 0 
1 1 1 
1 3 0 
5 1 0 2 0 4 0 5 0 6 0 
5 1 0 2 0 3 0 4 0 5 0 
4 1 0 2 0 3 0 5 0 
4 2 0 3 0 5 0 6 1 
3 1 0 3 0 5 0 
2 4 1 5 0 
6 1 0 2 0 3 0 4 0 5 1 6 0 
5 1 0 3 0 4 0 5 0 6 0 
2 4 0 5 0 
2 2 0 3 0 
4 1 0 2 0 3 0 4 1 
5 1 0 2 0 3 0 5 0 6 0 
4 3 0 4 0 5 0 6 1 
5 2 0 3 0 4 0 5 0 6 0 
5 1 0 2 0 4 0 5 0 6 0 
6 1 0 2 0 3 0 4 0 5 0 6 0 
5 1 1 2 0 4 0 5 0 6 0 
2 1 0 6 0 
5 1 0 3 0 4 0 5 0 6 0 
4 1 0 4 0 5 0 6 0 
1 2 0 
3 3 0 4 0 5 0 
6 1 1 2 0 3 0 4 0 5 0 6 0 
5 1 0 2 0 3 0 4 0 5 0 
4 2 0 3 0 4 0 5 0 
6 1 0 2 0 3 0 4 0 5 0 6 0 
4 1 0 2 1 3 0 6 0 
2
99
2 1 0 2 0 
2 1 1 2 0 
2 1 0 2 0 
1 1 0 
1 2 0 
1 2 0 
1 1 0 
2 1 1 2 0 
2 1 0 2 0 
1 1 0 
1 2 0 
1 1 0 
1 2 0 
1 2 0 
1 2 0 
1 1 0 
1 1 0 
2 1 0 2 0 
2 1 0 2 0 
1 2 0 
2 1 0 2 0 
1 2 1 
2 1 0 2 0 
2 1 0 2 0 
2 1 0 2 0 
2 1 0 2 0 
1 2 0 
1 2 1 
2 1 0 2 0 
1 2 0 
1 1 0 
1 2 0 
2 1 0 2 1 
1 1 0 
2 1 0 2 0 
2 1 0 2 0 
2 1 0 2 0 
2 1 0 2 1 
1 2 0 
2 1 1 2 0 
2 1 0 2 0 
1 1 0 
2 1 0 2 0 
2 1 0 2 0 
1 2 0 
2 1 0 2 0 
1 1 0 
2 1 0 2 0 
2 1 0 2 0 
2 1 0 2 0 
1 2 0 
2 1 0 2 1 
2 1 0 2 0 
2 1 0 2 0 
2 1 0 2 0 
1 1 0 
2 1 0 2 0 
2 1 0 2 0 
2 1 0 2 0 
2 1 0 2 0 
2 1 0 2 0 
2 1 0 2 0 
1 1 0 
2 1 0 2 0 
2 1 0 2 0 
2 1 0 2 1 
1 1 0 
1 1 0 
1 1 0 
2 1 0 2 0 
1 2 0 
1 1 0 
2 1 0 2 0 
2 1 0 2 1 
1 1 0 
1 1 0 
2 1 0 2 0 
1 2 0 
1 1 0 
2 1 0 2 0 
1 2 0 
1 1 0 
2 1 0 2 0 
1 2 0 
1 1 0 
2 1 0 2 1 
2 1 0 2 0 
2 1 0 2 0 
1 2 0 
1 2 0 
2 1 0 2 0 
1 2 0 
1 2 0 
1 2 1 
1 1 0 
1 2 0 
2 1 0 2 0 
2 1 0 2 0 
1 2 0 
4
54
2 1 0 4 0 
1 2 1 
3 2 1 3 0 4 0 
4 1 0 2 0 3 0 4 0 
1 2 1 
1 1 0 
2 2 0 3 0 
4 1 0 2 0 3 0 4 0 
2 1 0 3 0 
3 1 0 3 0 4 0 
4 1 0 2 0 3 0 4 0 
1 2 0 
2 1 0 3 0 
3 2 0 3 0 4 1 
1 2 0 
1 2 0 
3 1 0 2 0 4 0 
2 1 0 4 0 
1 1 0 
2 2 1 4 0 
3 1 0 2 0 3 0 
2 1 0 3 0 
1 4 0 
3 2 0 3 0 4 0 
2 3 0 4 0 
3 2 0 3 0 4 0 
4 1 0 2 0 3 0 4 0 
4 1 0 2 0 3 0 4 0 
4 1 0 2 1 3 0 4 0 
2 3 0 4 0 
2 3 1 4 0 
1 4 1 
3 1 0 3 0 4 0 
4 1 0 2 0 3 0 4 0 
1 1 0 
4 1 0 2 0 3 0 4 1 
2 1 0 3 0 
4 1 0 2 1 3 0 4 0 
2 1 0 3 0 
3 1 0 2 0 4 0 
1 3 0 
2 1 0 3 0 
1 4 0 
3 2 0 3 0 4 0 
1 2 0 
4 1 0 2 0 3 0 4 0 
4 1 0 2 0 3 0 4 0 
1 1 0 
4 1 1 2 0 3 0 4 0 
3 1 0 2 0 3 0 
1 4 0 
3 1 0 3 0 4 0 
3 1 0 2 0 4 0 
3 1 0 3 0 4 0 
2
26
2 1 0 2 1 
1 2 0 
1 2 0 
1 2 0 
1 1 0 
2 1 0 2 0 
1 1 0 
1 1 1 
2 1 0 2 0 
2 1 0 2 1 
1 2 1 
1 2 0 
1 2 0 
1 2 0 
1 2 0 
2 1 1 2 0 
2 1 0 2 0 
2 1 0 2 0 
2 1 0 2 0 
2 1 0 2 0 
2 1 0 2 0 
2 1 0 2 0 
2 1 0 2 0 
2 1 0 2 0 
2 1 0 2 0 
2 1 0 2 0 
3
90
1 2 0 
2 2 0 3 0 
1 2 0 
1 2 0 
1 1 0 
3 1 0 2 0 3 1 
2 1 0 3 0 
3 1 1 2 0 3 0 
2 1 0 2 0 
1 1 0 
2 2 0 3 0 
1 2 0 
1 3 0 
3 1 0 2 0 3 0 
3 1 0 2 0 3 0 
1 2 0 
1 2 0 
2 1 1 3 0 
2 1 0 2 0 
3 1 0 2 0 3 0 
2 2 0 3 1 
3 1 0 2 0 3 0 
3 1 0 2 0 3 1 
1 2 0 
2 1 0 3 0 
1 2 0 
2 1 0 2 0 
1 2 0 
3 1 0 2 0 3 0 
2 1 0 3 0 
1 1 0 
3 1 0 2 0 3 0 
1 3 0 
2 2 0 3 0 
1 3 0 
2 2 0 3 1 
2 1 0 3 0 
3 1 0 2 0 3 0 
3 1 0 2 0 3 0 
2 2 0 3 1 
2 1 0 3 0 
1 1 0 
3 1 0 2 0 3 0 
2 1 0 3 0 
3 1 1 2 0 3 0 
3 1 0 2 0 3 0 
3 1 0 2 0 3 0 
1 1 0 
2 1 0 2 0 
3 1 0 2 0 3 0 
2 1 0 3 0 
2 2 0 3 0 
3 1 0 2 0 3 0 
2 1 0 3 0 
3 1 0 2 0 3 0 
3 1 0 2 0 3 0 
1 1 0 
3 1 0 2 0 3 0 
2 2 0 3 0 
1 3 0 
3 1 0 2 0 3 0 
3 1 0 2 0 3 1 
1 1 0 
3 1 0 2 0 3 0 
3 1 0 2 0 3 0 
2 2 1 3 0 
2 1 0 2 0 
3 1 0 2 0 3 0 
3 1 0 2 0 3 0 
1 1 0 
1 1 0 
3 1 0 2 0 3 0 
2 1 0 2 0 
1 1 0 
1 3 0 
3 1 0 2 0 3 0 
1 1 0 
3 1 0 2 0 3 1 
2 1 0 3 1 
3 1 0 2 0 3 0 
3 1 0 2 0 3 0 
2 1 0 2 0 
2 1 0 3 0 
2 1 0 2 0 
2 1 0 3 0 
3 1 0 2 0 3 0 
3 1 0 2 0 3 0 
3 1 0 2 0 3 1 
3 1 0 2 0 3 0 
2 1 0 2 0 
5
28
1 1 0 
2 2 0 4 1 
3 1 0 2 0 4 0 
2 3 1 4 0 
1 3 0 
3 1 0 2 0 5 0 
5 1 0 2 0 3 0 4 0 5 0 
5 1 0 2 0 3 0 4 1 5 0 
1 1 0 
3 1 0 2 0 5 1 
3 1 0 2 0 5 0 
5 1 0 2 0 3 0 4 0 5 0 
4 1 0 3 0 4 0 5 0 
1 2 0 
5 1 0 2 0 3 0 4 0 5 0 
5 1 0 2 0 3 0 4 0 5 0 
1 1 0 
3 1 0 3 0 5 0 
2 1 0 4 0 
3 1 0 2 0 3 0 
1 2 0 
4 1 0 3 0 4 0 5 0 
5 1 0 2 0 3 0 4 0 5 0 
2 1 0 4 0 
5 1 0 2 0 3 0 4 0 5 0 
2 1 0 3 0 
2 3 0 5 0 
3 3 0 4 0 5 0 
8
53
7 1 0 2 0 3 0 4 0 6 0 7 0 8 1 
6 1 0 3 0 4 1 5 0 6 0 8 0 
5 1 0 2 0 3 0 4 0 7 0 
8 1 0 2 0 3 0 4 0 5 0 6 0 7 0 8 0 
4 3 0 6 0 7 0 8 0 
4 1 0 4 0 7 0 8 0 
3 1 0 3 0 6 1 
5 1 0 2 0 5 0 6 0 7 0 
2 3 1 4 0 
7 1 0 2 0 3 0 4 0 5 0 6 0 8 0 
3 2 0 5 0 7 0 
7 1 0 2 0 3 0 4 0 5 0 6 0 8 1 
4 2 0 5 1 6 0 7 0 
7 1 0 2 0 3 0 4 0 5 0 7 0 8 0 
7 1 1 2 0 3 0 5 0 6 0 7 0 8 0 
4 3 0 4 0 5 0 7 0 
6 1 0 4 0 5 0 6 0 7 0 8 0 
5 2 0 3 0 5 1 6 0 7 0 
2 7 0 8 0 
7 1 0 2 0 3 0 4 0 6 1 7 0 8 0 
4 1 0 2 0 5 0 6 0 
5 2 0 3 0 4 0 5 0 8 0 
6 2 0 3 0 4 0 5 0 6 0 7 0 
1 4 0 
7 1 0 2 0 4 0 5 0 6 1 7 0 8 0 
3 3 0 4 0 5 0 
2 1 0 5 0 
7 1 1 2 0 4 0 5 0 6 0 7 0 8 0 
2 1 0 7 1 
4 3 0 4 0 6 0 8 0 
8 1 0 2 0 3 0 4 0 5 0 6 0 7 0 8 0 
8 1 0 2 0 3 0 4 0 5 0 6 0 7 1 8 0 
3 1 0 3 0 8 0 
3 4 0 5 0 8 0 
2 2 0 5 1 
3 2 0 4 0 8 0 
3 1 0 4 0 5 0 
8 1 0 2 0 3 0 4 0 5 0 6 0 7 0 8 0 
5 1 0 3 0 4 0 5 0 6 0 
7 1 0 2 0 3 0 5 0 6 0 7 0 8 0 
4 1 0 4 0 7 0 8 0 
4 1 0 2 0 5 1 6 0 
7 2 0 3 0 4 0 5 0 6 0 7 0 8 0 
2 2 1 8 0 
8 1 0 2 0 3 0 4 0 5 0 6 0 7 0 8 0 
2 7 0 8 1 
2 6 0 8 0 
1 5 0 
4 2 0 4 0 5 0 7 0 
4 2 0 3 0 5 0 7 0 
7 1 0 2 0 3 0 4 0 5 0 7 0 8 0 
3 1 0 2 0 4 0 
3 3 0 4 0 5 0 
7
71
6 1 0 2 0 3 0 4 0 5 0 6 0 
1 5 0 
4 1 0 2 0 4 0 6 0 
4 1 1 4 0 5 0 7 0 
1 4 0 
1 2 0 
7 1 0 2 0 3 1 4 0 5 0 6 0 7 0 
7 1 0 2 0 3 0 4 0 5 0 6 0 7 0 
7 1 0 2 0 3 0 4 0 5 1 6 0 7 0 
4 1 0 4 0 5 0 6 0 
2 2 0 5 0 
2 5 0 6 0 
3 2 0 5 0 6 0 
1 5 0 
1 6 0 
7 1 0 2 0 3 0 4 0 5 0 6 0 7 0 
2 3 0 7 0 
6 2 0 3 1 4 0 5 0 6 0 7 0 
7 1 0 2 0 3 0 4 0 5 0 6 0 7 0 
1 3 0 
7 1 0 2 0 3 0 4 0 5 0 6 0 7 0 
5 1 0 2 0 4 1 5 0 7 0 
7 1 0 2 0 3 0 4 0 5 0 6 0 7 1 
4 3 0 4 0 6 0 7 0 
1 4 0 
4 2 0 4 0 5 0 7 0 
6 1 0 2 0 3 1 4 0 5 0 7 0 
5 1 0 2 1 3 0 5 0 6 0 
3 3 0 5 0 6 0 
3 2 0 5 0 6 0 
7 1 0 2 0 3 0 4 0 5 0 6 0 7 0 
4 1 0 2 0 4 0 5 1 
5 1 0 3 0 4 0 5 1 7 0 
6 1 0 2 0 4 0 5 0 6 0 7 0 
1 5 0 
6 1 0 3 0 4 1 5 0 6 0 7 0 
3 4 0 5 0 6 0 
1 4 0 
3 2 0 3 0 6 0 
3 2 0 5 0 7 0 
5 1 0 3 0 4 0 5 0 6 0 
7 1 0 2 0 3 0 4 0 5 0 6 0 7 0 
2 3 0 6 0 
6 2 0 3 0 4 0 5 0 6 0 7 0 
6 1 0 2 0 3 0 5 0 6 0 7 0 
3 1 0 4 0 6 0 
6 1 0 2 0 3 0 4 1 5 0 6 0 
4 1 0 3 0 4 1 6 0 
4 1 0 2 0 3 0 6 0 
2 2 1 7 0 
7 1 0 2 0 3 0 4 0 5 0 6 1 7 0 
5 1 0 2 0 3 0 4 0 5 0 
7 1 0 2 0 3 0 4 0 5 1 6 0 7 0 
2 2 0 5 0 
1 7 0 
3 1 0 2 0 7 1 
2 3 0 5 0 
2 2 0 5 0 
5 2 0 3 0 5 0 6 0 7 0 
4 1 0 3 0 6 0 7 1 
2 1 0 6 0 
7 1 1 2 0 3 0 4 0 5 0 6 0 7 0 
5 1 0 2 0 5 0 6 1 7 0 
3 3 0 5 0 7 0 
3 1 0 5 0 6 0 
4 1 0 2 0 6 0 7 0 
2 4 0 7 0 
2 4 0 6 0 
6 1 0 2 0 4 0 5 1 6 0 7 0 
3 3 0 4 0 5 0 
5 1 0 3 0 4 0 6 0 7 0 
10
60
4 3 0 4 0 5 0 10 1 
7 1 0 2 0 3 0 5 0 6 0 8 0 9 0 
9 2 0 3 0 4 0 5 0 6 0 7 0 8 0 9 0 10 1 
5 2 0 3 0 6 0 8 0 9 0 
2 3 0 7 0 
10 1 0 2 0 3 0 4 0 5 0 6 0 7 0 8 0 9 1 10 0 
2 7 0 10 0 
10 1 0 2 0 3 0 4 0 5 0 6 0 7 0 8 1 9 0 10 0 
6 2 0 3 0 4 0 6 0 8 0 9 0 
9 1 0 2 0 3 0 4 0 5 0 6 0 7 0 9 0 10 0 
1 5 0 
4 5 1 7 0 9 0 10 0 
10 1 0 2 0 3 0 4 0 5 0 6 0 7 0 8 0 9 0 10 0 
10 1 0 2 0 3 0 4 0 5 0 6 0 7 0 8 0 9 0 10 0 
9 1 0 2 0 3 0 5 0 6 0 7 0 8 1 9 0 10 0 
7 1 0 2 0 3 0 5 0 7 0 9 0 10 0 
6 1 0 2 0 4 0 5 0 8 0 9 0 
9 1 0 2 0 3 0 4 0 5 0 6 0 7 0 8 0 9 0 
4 2 0 4 0 7 0 10 0 
2 3 1 10 0 
1 1 0 
4 3 0 6 0 9 0 10 0 
9 1 0 2 0 3 0 4 0 5 0 6 1 7 0 8 0 10 0 
10 1 0 2 0 3 0 4 1 5 0 6 0 7 0 8 0 9 0 10 0 
1 1 0 
7 1 0 3 0 5 1 7 0 8 0 9 0 10 0 
8 1 0 2 1 5 0 6 0 7 0 8 0 9 0 10 0 
8 2 1 3 0 4 0 6 0 7 0 8 0 9 0 10 0 
6 2 0 4 0 5 0 6 0 7 0 8 1 
1 4 0 
7 1 0 2 0 4 0 5 0 6 0 8 0 10 0 
8 1 0 2 0 3 0 4 0 5 0 6 0 7 0 8 0 
5 2 0 5 1 6 0 7 0 9 0 
2 5 0 8 0 
8 1 0 2 0 3 0 4 0 6 0 7 0 8 0 9 0 
10 1 0 2 0 3 0 4 0 5 0 6 0 7 0 8 0 9 1 10 0 
5 2 0 3 0 4 0 5 0 8 0 
1 5 0 
4 2 0 4 1 5 0 7 0 
8 2 0 3 0 4 1 5 0 6 0 7 0 8 0 9 0 
7 2 0 3 0 4 0 5 0 6 0 8 0 9 0 
1 10 0 
2 1 1 9 0 
9 1 0 2 0 3 0 4 0 5 0 6 0 7 0 8 1 10 0 
4 2 0 4 0 7 0 9 0 
6 2 0 3 0 4 0 8 0 9 0 10 0 
9 1 0 2 0 3 0 4 0 6 0 7 0 8 0 9 0 10 0 
5 3 0 4 0 6 1 8 0 9 0 
7 1 1 2 0 3 0 4 0 6 0 7 0 10 0 
8 1 0 2 0 3 0 4 0 7 0 8 0 9 1 10 0 
4 1 0 2 0 3 0 4 0 
6 1 1 4 0 6 0 7 0 8 0 10 0 
7 1 0 2 0 3 0 4 0 5 0 7 0 10 0 
4 5 0 6 0 8 0 9 0 
4 2 1 5 0 8 0 9 0 
2 3 0 8 1 
1 10 0 
3 2 0 6 0 7 0 
10 1 0 2 0 3 0 4 0 5 0 6 0 7 0 8 0 9 0 10 0 
10 1 0 2 0 3 0 4 0 5 0 6 0 7 0 8 0 9 0 10 0 
8
13
8 1 0 2 0 3 0 4 0 5 0 6 1 7 0 8 0 
6 2 0 3 0 4 1 6 0 7 0 8 0 
2 2 0 5 1 
4 2 0 5 0 6 0 7 0 
5 2 0 4 0 5 1 6 0 8 0 
1 8 0 
3 3 0 5 0 7 0 
2 2 0 5 0 
8 1 0 2 0 3 0 4 0 5 0 6 0 7 0 8 0 
6 2 0 3 0 5 0 6 0 7 0 8 0 
2 2 0 6 0 
1 6 0 
8 1 0 2 0 3 0 4 0 5 0 6 0 7 0 8 0 
10
58
3 4 1 5 0 7 0 
10 1 0 2 1 3 0 4 0 5 0 6 0 7 0 8 0 9 0 10 0 
6 2 0 4 0 6 0 8 0 9 0 10 0 
9 1 0 2 0 3 0 5 1 6 0 7 0 8 0 9 0 10 0 
6 1 0 2 0 3 0 6 0 7 0 8 0 
10 1 0 2 0 3 0 4 0 5 0 6 0 7 0 8 0 9 0 10 0 
5 2 0 3 0 5 0 6 0 10 0 
3 2 1 5 0 8 0 
6 1 0 2 0 3 0 4 0 6 0 7 0 
1 8 0 
5 2 0 5 0 8 1 9 0 10 0 
1 9 0 
6 2 0 3 0 4 0 5 0 7 0 8 0 
5 1 0 2 0 6 1 7 0 10 0 
7 2 0 3 0 4 0 6 0 7 0 9 0 10 0 
2 2 0 3 0 
6 1 0 2 0 6 0 7 0 8 0 10 0 
9 1 0 2 0 3 0 4 0 5 0 7 0 8 0 9 0 10 0 
3 4 0 5 0 10 0 
9 1 0 2 0 3 0 4 0 5 0 6 0 7 0 9 1 10 0 
7 1 0 2 0 3 0 6 0 7 1 8 0 10 0 
9 1 0 2 1 3 0 4 0 5 0 7 0 8 0 9 0 10 0 
7 1 0 2 0 3 0 5 0 7 0 8 0 10 0 
5 1 0 7 0 8 1 9 0 10 0 
2 5 0 7 1 
1 1 0 
10 1 0 2 0 3 0 4 1 5 0 6 0 7 0 8 0 9 0 10 0 
6 1 0 3 0 5 0 6 0 7 0 9 0 
10 1 0 2 0 3 0 4 0 5 0 6 0 7 0 8 1 9 0 10 0 
8 1 0 2 0 3 0 4 0 5 0 6 0 9 0 10 0 
6 1 0 5 0 6 0 8 0 9 0 10 0 
4 3 0 5 0 7 0 9 0 
7 3 0 5 0 6 0 7 0 8 0 9 0 10 0 
2 2 0 9 0 
10 1 0 2 0 3 0 4 0 5 0 6 0 7 1 8 0 9 0 10 0 
5 2 0 3 0 4 0 8 0 10 1 
6 1 0 2 0 4 0 5 0 9 0 10 0 
8 1 0 2 0 4 0 5 0 6 0 8 0 9 0 10 0 
4 1 0 4 0 5 0 7 0 
1 7 0 
2 1 0 5 0 
3 1 0 6 0 7 0 
7 1 0 2 0 3 0 5 0 6 0 8 1 9 0 
5 1 0 2 0 5 0 6 0 10 0 
5 4 0 5 0 6 0 7 0 10 0 
6 3 0 4 0 7 0 8 1 9 0 10 0 
6 2 0 3 0 4 0 5 0 8 0 9 0 
3 3 0 6 0 9 0 
4 1 1 4 0 7 0 9 0 
2 2 0 10 0 
7 1 0 2 1 4 0 5 0 6 0 7 0 10 0 
7 1 0 3 0 4 0 5 0 6 0 8 0 9 0 
8 1 0 2 0 4 1 5 0 6 0 7 0 9 0 10 0 
6 2 0 3 0 5 0 6 0 9 0 10 0 
4 5 0 6 0 8 0 10 0 
6 2 1 4 0 5 0 6 0 8 0 9 0 
5 2 1 3 0 4 0 5 0 10 0 
7 1 1 2 0 3 0 5 0 7 0 8 0 10 0 
8
55
1 6 0 
8 1 0 2 0 3 0 4 0 5 0 6 0 7 0 8 0 
8 1 0 2 0 3 0 4 0 5 0 6 0 7 0 8 0 
7 1 0 3 0 4 0 5 0 6 0 7 0 8 0 
8 1 0 2 0 3 0 4 0 5 0 6 0 7 0 8 0 
5 2 0 3 0 5 0 6 0 7 0 
3 3 0 6 0 7 0 
3 1 0 5 0 6 0 
5 1 0 2 0 4 0 7 0 8 0 
1 2 0 
5 2 0 5 0 6 0 7 0 8 0 
1 6 0 
3 2 1 3 0 6 0 
5 2 1 3 0 4 0 6 0 8 0 
8 1 0 2 1 3 0 4 0 5 0 6 0 7 0 8 0 
7 1 0 2 0 3 0 5 0 6 1 7 0 8 0 
4 3 0 4 0 5 0 8 0 
2 2 0 4 0 
3 2 0 7 0 8 1 
8 1 0 2 0 3 0 4 0 5 0 6 0 7 0 8 0 
2 4 0 8 0 
8 1 0 2 0 3 0 4 0 5 0 6 0 7 0 8 0 
6 2 0 3 0 4 0 5 0 6 0 7 0 
3 1 0 3 0 6 0 
2 4 0 7 0 
5 1 0 2 0 5 0 7 0 8 0 
3 1 0 2 0 6 0 
6 1 0 2 0 4 0 6 0 7 0 8 1 
2 1 0 8 0 
2 6 0 7 0 
5 1 1 3 0 4 0 7 0 8 0 
6 1 0 3 1 4 0 6 0 7 0 8 0 
8 1 0 2 0 3 0 4 0 5 0 6 1 7 0 8 0 
6 2 0 4 0 5 0 6 0 7 0 8 0 
4 1 0 2 0 7 0 8 0 
4 2 0 3 0 4 1 7 0 
2 3 0 8 0 
3 2 0 6 0 7 1 
3 2 0 5 0 6 0 
6 1 0 2 0 4 0 5 1 7 0 8 0 
8 1 0 2 0 3 0 4 0 5 1 6 0 7 0 8 0 
8 1 0 2 0 3 0 4 0 5 1 6 0 7 0 8 0 
2 2 0 7 0 
4 3 0 4 0 5 0 6 0 
4 1 0 2 0 4 0 8 0 
5 1 1 3 0 4 0 7 0 8 0 
7 1 0 3 0 4 0 5 0 6 0 7 0 8 0 
5 1 0 4 0 6 0 7 0 8 1 
3 4 0 6 0 8 1 
1 4 0 
2 5 0 8 1 
7 1 0 2 1 3 0 5 0 6 0 7 0 8 0 
3 3 0 4 0 8 0 
3 3 0 4 0 8 0 
8 1 0 2 0 3 0 4 1 5 0 6 0 7 0 8 0 
3
42
2 2 0 3 0 
1 1 0 
2 2 0 3 0 
1 3 0 
2 2 0 3 0 
3 1 0 2 0 3 0 
2 1 0 3 0 
3 1 0 2 0 3 0 
3 1 0 2 0 3 0 
2 1 0 2 0 
3 1 0 2 0 3 0 
3 1 0 2 1 3 0 
1 1 0 
3 1 1 2 0 3 0 
2 1 0 2 0 
1 2 0 
2 2 0 3 0 
2 2 0 3 0 
3 1 0 2 0 3 0 
3 1 1 2 0 3 0 
2 1 0 2 0 
1 1 0 
1 3 0 
3 1 0 2 0 3 0 
1 1 0 
1 2 0 
1 2 0 
3 1 0 2 0 3 1 
3 1 0 2 0 3 0 
1 2 0 
2 1 0 3 0 
2 1 0 2 0 
3 1 1 2 0 3 0 
2 2 0 3 0 
1 1 0 
1 3 1 
1 2 0 
3 1 0 2 1 3 0 
2 2 0 3 0 
3 1 0 2 0 3 0 
3 1 0 2 0 3 0 
1 2 0 
4
56
2 1 0 4 0 
2 1 0 4 0 
1 4 0 
3 1 0 2 0 4 0 
4 1 0 2 0 3 0 4 0 
3 2 0 3 0 4 0 
4 1 0 2 0 3 0 4 0 
3 1 0 3 0 4 0 
1 1 0 
3 1 0 2 0 4 0 
4 1 0 2 0 3 0 4 0 
4 1 0 2 0 3 0 4 0 
4 1 0 2 0 3 1 4 0 
3 2 0 3 0 4 0 
1 2 0 
3 1 0 2 0 3 0 
2 2 0 4 0 
3 1 0 2 1 3 0 
2 2 0 3 0 
4 1 0 2 0 3 0 4 0 
1 4 0 
4 1 0 2 0 3 0 4 0 
1 2 0 
4 1 0 2 0 3 0 4 0 
3 1 0 3 0 4 0 
2 1 0 3 0 
3 1 0 3 0 4 0 
4 1 0 2 0 3 0 4 0 
1 2 0 
4 1 0 2 0 3 0 4 0 
4 1 0 2 0 3 0 4 0 
2 2 0 3 0 
2 3 0 4 1 
1 2 0 
4 1 0 2 0 3 0 4 0 
1 2 0 
4 1 0 2 0 3 0 4 0 
3 1 0 2 1 4 0 
1 3 0 
4 1 1 2 0 3 0 4 0 
4 1 0 2 0 3 1 4 0 
4 1 0 2 0 3 0 4 0 
3 1 0 2 0 4 1 
2 2 0 4 0 
4 1 0 2 0 3 1 4 0 
1 3 0 
2 2 0 3 0 
2 1 0 4 0 
3 2 0 3 0 4 0 
3 2 0 3 0 4 0 
2 2 0 3 0 
1 1 0 
3 2 0 3 1 4 0 
1 3 0 
2 1 0 3 0 
2 1 1 3 0 
1
79
1 1 0 
1 1 0 
1 1 0 
1 1 1 
1 1 0 
1 1 0 
1 1 0 
1 1 1 
1 1 0 
1 1 0 
1 1 0 
1 1 1 
1 1 0 
1 1 0 
1 1 0 
1 1 0 
1 1 0 
1 1 0 
1 1 0 
1 1 0 
1 1 0 
1 1 0 
1 1 0 
1 1 0 
1 1 0 
1 1 0 
1 1 0 
1 1 0 
1 1 0 
1 1 0 
1 1 0 
1 1 0 
1 1 0 
1 1 0 
1 1 0 
1 1 1 
1 1 0 
1 1 0 
1 1 0 
1 1 0 
1 1 0 
1 1 0 
1 1 0 
1 1 0 
1 1 0 
1 1 0 
1 1 0 
1 1 0 
1 1 0 
1 1 0 
1 1 0 
1 1 0 
1 1 0 
1 1 0 
1 1 0 
1 1 0 
1 1 0 
1 1 0 
1 1 0 
1 1 0 
1 1 0 
1 1 0 
1 1 0 
1 1 0 
1 1 1 
1 1 0 
1 1 0 
1 1 0 
1 1 1 
1 1 0 
1 1 0 
1 1 0 
1 1 0 
1 1 0 
1 1 0 
1 1 0 
1 1 0 
1 1 0 
1 1 0 
9
49
2 7 0 9 0 
9 1 0 2 0 3 0 4 1 5 0 6 0 7 0 8 0 9 0 
8 1 0 2 0 3 0 4 0 5 0 6 0 7 0 9 0 
3 1 0 6 0 8 0 
3 3 0 6 0 7 0 
9 1 0 2 0 3 0 4 0 5 0 6 0 7 0 8 0 9 1 
2 2 0 5 0 
3 2 0 8 0 9 0 
9 1 0 2 0 3 1 4 0 5 0 6 0 7 0 8 0 9 0 
8 1 0 2 0 3 0 4 0 5 0 7 0 8 0 9 0 
1 3 0 
5 2 0 4 0 5 0 7 0 9 0 
9 1 0 2 1 3 0 4 0 5 0 6 0 7 0 8 0 9 0 
8 1 0 2 0 3 0 4 1 5 0 7 0 8 0 9 0 
9 1 0 2 0 3 0 4 0 5 0 6 0 7 0 8 0 9 0 
7 1 0 2 0 3 0 4 0 5 0 7 1 9 0 
5 2 0 4 0 5 0 6 1 9 0 
7 1 0 3 0 4 0 5 1 6 0 7 0 9 0 
7 2 0 3 0 4 0 5 0 6 0 7 1 9 0 
8 1 0 2 0 3 0 4 0 5 0 7 0 8 1 9 0 
6 1 0 2 0 4 0 6 0 8 0 9 0 
7 1 0 2 0 4 0 5 0 7 0 8 0 9 0 
1 1 0 
5 1 0 3 0 5 0 6 0 7 0 
3 3 0 5 0 9 0 
9 1 0 2 0 3 0 4 0 5 0 6 0 7 0 8 0 9 1 
2 8 0 9 0 
8 1 0 2 0 3 0 5 0 6 0 7 0 8 0 9 0 
9 1 0 2 0 3 0 4 1 5 0 6 0 7 0 8 0 9 0 
9 1 0 2 0 3 0 4 0 5 1 6 0 7 0 8 0 9 0 
1 2 0 
4 3 0 5 0 6 0 9 0 
7 2 0 4 1 5 0 6 0 7 0 8 0 9 0 
1 9 1 
3 1 0 2 0 9 0 
6 1 0 2 0 3 1 4 0 6 0 7 0 
6 2 1 3 0 4 0 5 0 7 0 8 0 
4 1 0 3 0 5 0 9 0 
9 1 0 2 0 3 0 4 0 5 0 6 0 7 1 8 0 9 0 
4 1 0 3 0 5 0 6 0 
5 2 0 4 0 5 0 6 0 8 0 
4 1 0 4 1 5 0 9 0 
3 2 0 4 0 7 1 
4 3 0 4 0 6 0 7 0 
8 1 0 2 0 3 0 4 0 5 0 7 0 8 0 9 0 
8 1 0 2 0 4 0 5 0 6 1 7 0 8 0 9 0 
2 3 0 4 0 
6 1 0 2 0 5 0 7 0 8 0 9 0 
8 2 0 3 0 4 0 5 0 6 1 7 0 8 0 9 0 
